1	1
2	1
3	1
4	1
5	1
6	1
7	1
8	1
9	1
10	1
11	1
12	1
13	1
14	1
15	1
16	1
17	1
18	1
19	1
20	1
21	1
22	1
23	1
24	1
25	1
26	1
27	1
28	1
29	2
30	2
31	2
32	2
33	2
34	2
35	2
36	1
37	1
38	1
39	1
40	1
41	1
42	1
43	1
44	2
45	2
46	1
47	1
48	1
49	1
50	1
51	1
52	2
53	2
54	1
55	1
56	1
57	1
58	1
59	1
60	2
61	2
62	1
63	1
64	1
65	1
66	1
67	1
68	1
69	1
70	1
71	1
72	1
73	1
74	1
75	1
76	1
77	1
78	1
79	1
80	1
81	1
82	1
83	1
84	1
85	1
86	1
87	1
88	1
89	1
90	1
91	1
92	1
93	1
94	1
95	1
96	1
97	1
98	1
99	1
100	1
101	1
102	1
103	1
104	1
105	2
106	2
107	2
108	2
109	2
110	2
111	2
112	2
113	2
114	2
115	2
116	1
117	1
118	1
119	1
120	1
121	1
122	2
123	2
124	1
125	1
126	1
127	1
128	1
129	1
130	1
131	2
132	2
133	1
134	1
135	1
136	1
137	1
138	1
139	1
140	1
141	1
142	1
143	1
144	1
145	1
146	1
147	1
148	1
149	2
150	2
151	2
152	2
153	1
154	1
155	1
156	1
157	1
158	1
159	1
160	1
161	1
162	1
163	1
164	2
165	2
166	2
167	1
168	1
169	1
170	1
171	1
172	1
173	1
174	1
175	1
176	1
177	2
178	2
179	2
180	2
181	1
182	1
183	1
184	1
185	2
186	2