1	1
2	1
3	1
4	1
5	1
6	1
7	1
8	1
9	1
10	1
11	1
12	1
13	1
14	1
15	1
16	1
17	1
18	1
19	1
20	1
21	1
22	1
23	1
24	1
25	1
26	1
27	1
28	1
29	2
30	2
31	2
32	2
33	2
34	2
35	2
36	2
37	3
38	3
39	3
40	3
41	3
42	3
43	4
44	4
45	4
46	4
47	4
48	4
49	5
50	5
51	5
52	5
53	5
54	5
55	5
56	5
57	5
58	5
59	5
60	5
61	5
62	5
63	5
64	5
65	5
66	5
67	5
68	5
69	5
70	5
71	5
72	5
73	5
74	5
75	5
76	5
77	5
78	5
79	5
80	5
81	5
82	5
83	5
84	5
85	5
86	5
87	5
88	5
89	5
90	5
91	5
92	6
93	6
94	6
95	6
96	6
97	6
98	7
99	7
100	7
101	7
102	7
103	7
104	7
105	8
106	8
107	8
108	8
109	8
110	8
111	8
112	8
113	8
114	8
115	8
116	8
117	8
118	8
119	8
120	8
121	9
122	9
123	9
124	9
125	9
126	9
127	9
128	9
129	9
130	9
131	9
132	10
133	10
134	10
135	10
136	10
137	10
138	10
139	10
140	10
141	10
142	11
143	11
144	11
145	11