1	1
2	1
3	1
4	1
5	1
6	1
7	1
8	1
9	1
10	2
11	2
12	2
13	2
14	2
15	3
16	3
17	3
18	3
19	4
20	4
21	4
22	5
23	5
24	5
25	5
26	6
27	6
28	6
29	6
30	6
31	6
32	6
33	6
34	6
35	6
36	6
37	6
38	6
39	6
40	6
41	6
42	6
43	6
44	6
45	6
46	6
47	6
48	6
49	6
50	7
51	7
52	7
53	8
54	8
55	8
56	9
57	9
58	10
59	10
60	10
61	10
62	10
63	10
64	10
65	10
66	10
67	10
68	10
69	10
70	10
71	10
72	10
73	10
74	10
75	10
76	11
77	11
78	11
79	11
80	11
81	11
82	12
83	12
84	13
85	13
86	14
87	14
88	14
89	15
90	15
91	15
92	15
93	15
94	15
95	15
96	16
97	16
98	16
99	16
100	16
101	16
102	16
103	16
104	16
105	16
106	16
107	17
108	17
109	17
110	17
111	17
112	17
113	17
114	17
115	17
116	17
117	17
118	17
119	17
120	17
121	17
122	17
123	17
124	17
125	17
126	17
127	17
128	17
129	17
130	17
131	17
132	17
133	17
134	17
135	17
136	17
137	17
138	17
139	17
140	17
141	17
142	17
143	17
144	17
145	17
146	17
147	18
148	18
149	18
150	18
151	18
152	19
153	19
154	19
155	19
156	19
157	19
158	19
159	20
160	20
161	20
162	20
163	20
164	20
165	20
166	20
167	20
168	20
169	20
170	20
171	20
172	21
173	21
174	22
175	22
176	22
177	22
178	22
179	22
180	22
181	22
182	22
183	22
184	23
185	23
186	23
187	23
188	23
189	23
190	23
191	23
192	23
193	23
194	23
195	23
196	23
197	24
198	24
199	24
200	24
201	24
202	24
203	24
204	24
205	24
206	24
207	24
208	24
209	24
210	24
211	24
212	24
213	24
214	24
215	24
216	24
217	25
218	25
219	25
220	25
221	25
222	25
223	26
224	26
225	26
226	26
227	26
228	26
229	26
230	26
231	26
232	26
233	26
234	26
235	26
236	26
237	26
238	26
239	26
240	26
241	26
242	26
243	26
244	26
245	26
246	26
247	26
248	26
249	26
250	26
251	26
252	26
253	27
254	27
255	27
256	27
257	27
258	27
259	27
260	28
261	28
262	28
263	29
264	29
265	29
266	29
267	29
268	29
269	29
270	29
271	29
272	29
273	29
274	29
275	29
276	29
277	29
278	29
279	29
280	29
281	29
282	29
283	29
284	29
285	29
286	29
287	29
288	29
289	29
290	29
291	29
292	29
293	29
294	29
295	29
296	29
297	29
298	29
299	29
300	29
301	29
302	29
303	29
304	29
305	29
306	29
307	29
308	29
309	29
310	29
311	29
312	29
313	29
314	29
315	29
316	29
317	29
318	29
319	29
320	29
321	29
322	29
323	29
324	29
325	29
326	30
327	30
328	30
329	30
330	30
331	30
332	30
333	30
334	30
335	30
336	30
337	30
338	30
339	30
340	30
341	30
342	30
343	30
344	30
345	30
346	30
347	30
348	30
349	31
350	31
351	31
352	31
353	31
354	31
355	31
356	31
357	31
358	31
359	31
360	31
361	31
362	31
363	31
364	31
365	31
366	31
367	31
368	31
369	31
370	31
371	31
372	31
373	31
374	31
375	31
376	31
377	31
378	31
379	31
380	31
381	31
382	31
383	31
384	31
385	31
386	31
387	31
388	31
389	31
390	31
391	31
392	31
393	31
394	31
395	31
396	31
397	31
398	31
399	31
400	32
401	32
402	33
403	33
404	33
405	33
406	34
407	34
408	34
409	34
410	34
411	34
412	34
413	34
414	34
415	34
416	34
417	35
418	35
419	36
420	36
421	36
422	36
423	36
424	36
425	36
426	37
427	37
428	37
429	38
430	38
431	38
432	38
433	39
434	39
435	39
436	39
437	39
438	39
439	39
440	39
441	39
442	39
443	39
444	39
445	39
446	39
447	39
448	39
449	39
450	39
451	39
452	39
453	39
454	40
455	40
456	40
457	40
458	40
459	41
460	41
461	42
462	42
463	42
464	43
465	43
466	43
467	43
468	44
469	44
470	44
471	44
472	44
473	44
474	44
475	44
476	44
477	44
478	44
479	44
480	44
481	44
482	45
483	45