1	1
2	1
3	1
4	1
5	1
6	1
7	1
8	1
9	1
10	1
11	1
12	1
13	1
14	1
15	1
16	1
17	1
18	1
19	1
20	1
21	1
22	1
23	1
24	1
25	1
26	1
27	1
28	1
29	1
30	1
31	1
32	1
33	1
34	1
35	1
36	2
37	2
38	2
39	2
40	2
41	2
42	2
43	2
44	2
45	2
46	2
47	2
48	2
49	2
50	2
51	2
52	2
53	2
54	2
55	3
56	3
57	3
58	3
59	3
60	3
61	3
62	3
63	3
64	3
65	3
66	3
67	3
68	3
69	3
70	4
71	4
72	4
73	4
74	4
75	4
76	4
77	4
78	4
79	4
80	5
81	5
82	5
83	5
84	5
85	5
86	5
87	5
88	5
89	5
90	5
91	5
92	5
93	5
94	6
95	6
96	6
97	6
98	6
99	6
100	6
101	6
102	6
103	6
104	6
105	6
106	6
107	6
108	6
109	6
110	6
111	6
112	6
113	6
114	6
115	6
116	6
117	6
118	6
119	6
120	6
121	6
122	6
123	6
124	6
125	6
126	6
127	6
128	6
129	6
130	6
131	6
132	6
133	6
134	6
135	6
136	6
137	6
138	6
139	6
140	6
141	6
142	6
143	6
144	6
145	6
146	6
147	6
148	6
149	6
150	6
151	6
152	6
153	6
154	6
155	6
156	6
157	6
158	6
159	6
160	6
161	6
162	6
163	6
164	6
165	6
166	6
167	6
168	6
169	6
170	6
171	6
172	6
173	6
174	6
175	6
176	6
177	6
178	6
179	6
180	6
181	6
182	6
183	6
184	6
185	6
186	6
187	6
188	7
189	7
190	7
191	7
192	7
193	7
194	7
195	7
196	8
197	8
198	8
199	8
200	8
201	8
202	8
203	8
204	9
205	9
206	9
207	9
208	9
209	9
210	9
211	9
212	10
213	10
214	10
215	10
216	10
217	10
218	10
219	10
220	10
221	10
222	10
223	10
224	10
225	10
226	10
227	10
228	10
229	10
230	10
231	10
232	10
233	10
234	10
235	10
236	10
237	10
238	10
239	10
240	10
241	10
242	10
243	10
244	10
245	10
246	10
247	10
248	10
249	10
250	10
251	10
252	10
253	10
254	10
255	10
256	10
257	10
258	10
259	10
260	10
261	10
262	10
263	10
264	10
265	10
266	10
267	10
268	10
269	10
270	10
271	10
272	10
273	10
274	10
275	10
276	10
277	10
278	10
279	10
280	10
281	10
282	10
283	10
284	11
285	11
286	11
287	11
288	11
289	11
290	11
291	11
292	11
293	11
294	11
295	11
296	11
297	11
298	11
299	11
300	11
301	11
302	11
303	11
304	11
305	12
306	12
307	12
308	13
309	13
310	13
311	13
312	14
313	14
314	14
315	14
316	14
317	14
318	14
319	14
320	14
321	14
322	15
323	15
324	15
325	15
326	15
327	15
328	15
329	15
330	15
331	15
332	15
333	15
334	15
335	15
336	15
337	15
338	15
339	15
340	15
341	15
342	15
343	15
344	15
345	15
346	15
347	15
348	15
349	15
350	16
351	16
352	16
353	16
354	16
355	16
356	16
357	16
358	16
359	16
360	16
361	16
362	16
363	16
364	16
365	16
366	16
367	16
368	16
369	16
370	16
371	16
372	16
373	16
374	16
375	16
376	16
377	16
378	16
379	16
380	16
381	16
382	16
383	16
384	16
385	16
386	16
387	16
388	16
389	16
390	16
391	17
392	17
393	17
394	17
395	17
396	17
397	17
398	17
399	17
400	17
401	17
402	17
403	17
404	17
405	17
406	17
407	17
408	17
409	17
410	17
411	17
412	17
413	17
414	17
415	17
416	17
417	17
418	17
419	17
420	17
421	17
422	17
423	17
424	17
425	17
426	17
427	17
428	17
429	17
430	17
431	17
432	17
433	17
434	17
435	17
436	17
437	17
438	17
439	17
440	17
441	17
442	17
443	17
444	17
445	17
446	17
447	17
448	17
449	17
450	17
451	17
452	17
453	17
454	17
455	17
456	17
457	17
458	17
459	17
460	17
461	17
462	17
463	17
464	17
465	17
466	17
467	17
468	17
469	17
470	17
471	17
472	17
473	17
474	17
475	17
476	17
477	17
478	17
479	17
480	17
481	17
482	17
483	17
484	17
485	17
486	17
487	17
488	17
489	17
490	17
491	17
492	17
493	17
494	17
495	17
496	17
497	17
498	17
499	17
500	17
501	17
502	17
503	17
504	17
505	17
506	17
507	17
508	17
509	17
510	17
511	17
512	17
513	17
514	17
515	17
516	17
517	17
518	17
519	17
520	17
521	17
522	17
523	17
524	17
525	17
526	17
527	17
528	17
529	17
530	17
531	17
532	17
533	17
534	17
535	17
536	17
537	17
538	17
539	17
540	17
541	17
542	17
543	17
544	17
545	17
546	17
547	17
548	18
549	18
550	18
551	18
552	18
553	18
554	18
555	18
556	18
557	18
558	18
559	18
560	18
561	18
562	18
563	18
564	18
565	18
566	18
567	19
568	19
569	19
570	19
571	19
572	19
573	19
574	19
575	19
576	19
577	19
578	19
579	19
580	19
581	19
582	19
583	19
584	19
585	19
586	19
587	19
588	19
589	19
590	19
591	19
592	19
593	19
594	19
595	20
596	20
597	20
598	20
599	20
600	20
601	20
602	20
603	20
604	20
605	20
606	20
607	20
608	20
609	20
610	20
611	20
612	20
613	20
614	20
615	20
616	20
617	20
618	20
619	20
620	20
621	20
622	20
623	20
624	20
625	20
626	20
627	20
628	20
629	20
630	20
631	20
632	20
633	20
634	20
635	20
636	20
637	20
638	20
639	20
640	20
641	20
642	20
643	20
644	21
645	21
646	21
647	21
648	21
649	22
650	22
651	22
652	22
653	22
654	22
655	22
656	22
657	22
658	22
659	22
660	22
661	22
662	22
663	22
664	22
665	22
666	22
667	22
668	22
669	22
670	22
671	22
672	22
673	22
674	22
675	22
676	22
677	22
678	22
679	22
680	22
681	22
682	22
683	22
684	22
685	22
686	22
687	23
688	23
689	23
690	23
691	23
692	23
693	23
694	23
695	23
696	23
697	23
698	23
699	23
700	23
701	23
702	23
703	23
704	23
705	23
706	23
707	23
708	23
709	23
710	23
711	23
712	23
713	23
714	23
715	23
716	23
717	23
718	23
719	23
720	23
721	23
722	23
723	23
724	23
725	23
726	23
727	23
728	23
729	23
730	23
731	23
732	23
733	23
734	23
735	23
736	23
737	23
738	23
739	24
740	24
741	24
742	24
743	24
744	24
745	24
746	24
747	24
748	24
749	24
750	24
751	24
752	24
753	24
754	24
755	24
756	24
757	24
758	24
759	24
760	24
761	24
762	24
763	24
764	24
765	24
766	24
767	24
768	24
769	24
770	24
771	24
772	24
773	24
774	24
775	24
776	24
777	24
778	24
779	24
780	24
781	24
782	24
783	24
784	24
785	24
786	24
787	24
788	24
789	24
790	24
791	24
792	24
793	24
794	24
795	24
796	24
797	24
798	24
799	24
800	24
801	24
802	24
803	24
804	24
805	24
806	24
807	24
808	24
809	24
810	24
811	24
812	24
813	24
814	24
815	24
816	24
817	25
818	25
819	25
820	25
821	25
822	25
823	25
824	25
825	25
826	25
827	25
828	25
829	25
830	25
831	25
832	25
833	25
834	25
835	25
836	25
837	25
838	25
839	25
840	26
841	26
842	26
843	26
844	26
845	26
846	26
847	26
848	26
849	26
850	26
851	26
852	26
853	26
854	26
855	26
856	26
857	26
858	26
859	26
860	26
861	26
862	26
863	26
864	26
865	26
866	26
867	26
868	26
869	26
870	26
871	26
872	26
873	26
874	26
875	26
876	26
877	26
878	26
879	26
880	26
881	26
882	26
883	26
884	26
885	26
886	26
887	26
888	26
889	26
890	26
891	26
892	26
893	26
894	26
895	26
896	26
897	26
898	26
899	26
900	26
901	26
902	26
903	26
904	26
905	26
906	26
907	26
908	26
909	26
910	26
911	26
912	26
913	26
914	26
915	26
916	26
917	26
918	26
919	26
920	26
921	26
922	26
923	26
924	26
925	26
926	26
927	26
928	26
929	26
930	26
931	26
932	26
933	26
934	26
935	26
936	26
937	26
938	26
939	26
940	26
941	26
942	26
943	26
944	26
945	26
946	26
947	26
948	26
949	26
950	26
951	26
952	26
953	26
954	26
955	26
956	27
957	27
958	27
959	27
960	27
961	27
962	27
963	27
964	27
965	27
966	27
967	27
968	27
969	27
970	27
971	27
972	27
973	27
974	27
975	27
976	27
977	27
978	27
979	27
980	27
981	27
982	27
983	27
984	28
985	28
986	28
987	28
988	28
989	28
990	28
991	28
992	29
993	29
994	29
995	29
996	29
997	29
998	29
999	29
1000	29
1001	29
1002	29
1003	29
1004	29
1005	29
1006	29
1007	29
1008	29
1009	29
1010	29
1011	29
1012	29
1013	29
1014	29
1015	29
1016	29
1017	29
1018	29
1019	29
1020	29
1021	29
1022	29
1023	29
1024	29
1025	29
1026	29
1027	29
1028	29
1029	29
1030	29
1031	29
1032	29
1033	29
1034	29
1035	29
1036	29
1037	29
1038	29
1039	29
1040	29
1041	29
1042	29
1043	29
1044	29
1045	29
1046	29
1047	29
1048	29
1049	29
1050	29
1051	29
1052	29
1053	29
1054	29
1055	29
1056	29
1057	29
1058	29
1059	29
1060	29
1061	29
1062	29
1063	29
1064	29
1065	29
1066	29
1067	29
1068	29
1069	29
1070	29
1071	29
1072	29
1073	29
1074	29
1075	29
1076	29
1077	29
1078	29
1079	29
1080	29
1081	29
1082	29
1083	29
1084	29
1085	29
1086	29
1087	29
1088	29
1089	29
1090	29
1091	29
1092	29
1093	29
1094	29
1095	29
1096	29
1097	29
1098	29
1099	29
1100	29
1101	29
1102	29
1103	29
1104	29
1105	29
1106	29
1107	29
1108	29
1109	29
1110	29
1111	29
1112	29
1113	29
1114	29
1115	29
1116	29
1117	29
1118	29
1119	29
1120	29
1121	29
1122	29
1123	29
1124	29
1125	29
1126	29
1127	29
1128	29
1129	29
1130	29
1131	29
1132	29
1133	29
1134	29
1135	29
1136	29
1137	29
1138	29
1139	29
1140	29
1141	29
1142	29
1143	29
1144	29
1145	29
1146	29
1147	29
1148	29
1149	29
1150	29
1151	29
1152	29
1153	29
1154	29
1155	29
1156	29
1157	29
1158	29
1159	29
1160	29
1161	29
1162	29
1163	29
1164	29
1165	29
1166	29
1167	29
1168	29
1169	29
1170	29
1171	29
1172	29
1173	29
1174	29
1175	29
1176	29
1177	29
1178	29
1179	29
1180	29
1181	29
1182	29
1183	29
1184	29
1185	29
1186	29
1187	29
1188	29
1189	29
1190	29
1191	29
1192	29
1193	29
1194	29
1195	29
1196	29
1197	29
1198	29
1199	29
1200	29
1201	29
1202	29
1203	29
1204	29
1205	29
1206	29
1207	29
1208	29
1209	29
1210	29
1211	29
1212	29
1213	29
1214	29
1215	29
1216	29
1217	29
1218	29
1219	29
1220	29
1221	29
1222	29
1223	29
1224	29
1225	29
1226	29
1227	29
1228	29
1229	29
1230	29
1231	29
1232	29
1233	29
1234	29
1235	29
1236	29
1237	29
1238	29
1239	29
1240	29
1241	29
1242	29
1243	30
1244	30
1245	30
1246	30
1247	30
1248	30
1249	30
1250	30
1251	30
1252	30
1253	30
1254	30
1255	30
1256	30
1257	30
1258	30
1259	30
1260	30
1261	30
1262	30
1263	30
1264	30
1265	30
1266	30
1267	30
1268	30
1269	30
1270	30
1271	30
1272	30
1273	30
1274	30
1275	30
1276	30
1277	30
1278	30
1279	30
1280	30
1281	30
1282	30
1283	30
1284	30
1285	30
1286	30
1287	30
1288	30
1289	30
1290	30
1291	30
1292	30
1293	30
1294	30
1295	30
1296	30
1297	30
1298	30
1299	30
1300	30
1301	30
1302	30
1303	30
1304	30
1305	30
1306	30
1307	30
1308	30
1309	30
1310	30
1311	30
1312	30
1313	30
1314	30
1315	30
1316	30
1317	30
1318	30
1319	30
1320	30
1321	30
1322	30
1323	30
1324	30
1325	30
1326	30
1327	30
1328	30
1329	30
1330	30
1331	30
1332	30
1333	31
1334	31
1335	31
1336	31
1337	31
1338	31
1339	31
1340	31
1341	31
1342	31
1343	31
1344	31
1345	31
1346	31
1347	31
1348	31
1349	31
1350	31
1351	31
1352	31
1353	31
1354	31
1355	31
1356	31
1357	31
1358	31
1359	31
1360	31
1361	31
1362	31
1363	31
1364	31
1365	31
1366	31
1367	31
1368	31
1369	31
1370	31
1371	31
1372	31
1373	31
1374	31
1375	31
1376	31
1377	31
1378	31
1379	31
1380	31
1381	31
1382	31
1383	31
1384	31
1385	31
1386	31
1387	31
1388	31
1389	31
1390	31
1391	31
1392	31
1393	31
1394	31
1395	31
1396	31
1397	31
1398	31
1399	31
1400	31
1401	31
1402	31
1403	31
1404	31
1405	31
1406	31
1407	31
1408	31
1409	31
1410	31
1411	31
1412	31
1413	31
1414	31
1415	31
1416	31
1417	31
1418	31
1419	31
1420	31
1421	31
1422	31
1423	31
1424	31
1425	31
1426	31
1427	31
1428	31
1429	31
1430	31
1431	31
1432	31
1433	31
1434	31
1435	31
1436	31
1437	31
1438	31
1439	31
1440	31
1441	31
1442	31
1443	31
1444	31
1445	31
1446	31
1447	31
1448	31
1449	31
1450	31
1451	31
1452	31
1453	31
1454	31
1455	31
1456	31
1457	31
1458	31
1459	31
1460	31
1461	31
1462	31
1463	31
1464	31
1465	31
1466	31
1467	31
1468	31
1469	31
1470	31
1471	31
1472	31
1473	31
1474	31
1475	31
1476	31
1477	31
1478	31
1479	31
1480	31
1481	31
1482	31
1483	31
1484	31
1485	31
1486	31
1487	31
1488	31
1489	31
1490	31
1491	31
1492	31
1493	31
1494	31
1495	31
1496	31
1497	31
1498	31
1499	31
1500	31
1501	31
1502	31
1503	31
1504	31
1505	31
1506	31
1507	31
1508	31
1509	31
1510	31
1511	31
1512	31
1513	31
1514	31
1515	31
1516	31
1517	31
1518	31
1519	31
1520	31
1521	31
1522	31
1523	31
1524	31
1525	31
1526	31
1527	31
1528	31
1529	31
1530	31
1531	31
1532	31
1533	32
1534	32
1535	32
1536	32
1537	32
1538	32
1539	32
1540	33
1541	33
1542	33
1543	33
1544	33
1545	33
1546	33
1547	33
1548	33
1549	33
1550	33
1551	33
1552	34
1553	34
1554	34
1555	34
1556	34
1557	34
1558	34
1559	34
1560	34
1561	34
1562	34
1563	34
1564	34
1565	34
1566	34
1567	34
1568	34
1569	34
1570	34
1571	34
1572	34
1573	34
1574	34
1575	34
1576	34
1577	34
1578	34
1579	34
1580	34
1581	34
1582	34
1583	34
1584	34
1585	34
1586	34
1587	34
1588	34
1589	34
1590	34
1591	34
1592	34
1593	34
1594	34
1595	34
1596	35
1597	35
1598	35
1599	35
1600	35
1601	35
1602	35
1603	35
1604	36
1605	36
1606	36
1607	36
1608	36
1609	36
1610	36
1611	36
1612	36
1613	36
1614	36
1615	36
1616	36
1617	36
1618	36
1619	36
1620	36
1621	36
1622	36
1623	36
1624	36
1625	36
1626	36
1627	36
1628	36
1629	37
1630	37
1631	37
1632	37
1633	37
1634	37
1635	37
1636	37
1637	37
1638	37
1639	37
1640	38
1641	38
1642	38
1643	38
1644	38
1645	38
1646	38
1647	38
1648	38
1649	38
1650	38
1651	38
1652	38
1653	39
1654	39
1655	39
1656	39
1657	39
1658	39
1659	39
1660	39
1661	39
1662	39
1663	39
1664	39
1665	39
1666	39
1667	39
1668	39
1669	39
1670	39
1671	39
1672	39
1673	39
1674	39
1675	39
1676	39
1677	39
1678	39
1679	39
1680	39
1681	39
1682	39
1683	39
1684	39
1685	39
1686	39
1687	39
1688	39
1689	39
1690	39
1691	39
1692	39
1693	39
1694	39
1695	39
1696	39
1697	39
1698	39
1699	39
1700	39
1701	39
1702	39
1703	39
1704	39
1705	39
1706	39
1707	39
1708	39
1709	39
1710	39
1711	39
1712	39
1713	39
1714	39
1715	39
1716	39
1717	39
1718	39
1719	39
1720	39
1721	39
1722	39
1723	39
1724	39
1725	39
1726	39
1727	39
1728	39
1729	39
1730	39
1731	39
1732	39
1733	39
1734	40
1735	40
1736	40
1737	40
1738	40
1739	40
1740	40
1741	40
1742	40
1743	40
1744	40
1745	40
1746	40
1747	40
1748	40
1749	40
1750	40
1751	41
1752	41
1753	41
1754	41
1755	41
1756	41
1757	42
1758	42
1759	42
1760	42
1761	42
1762	42
1763	42
1764	42
1765	42
1766	42
1767	43
1768	43
1769	43
1770	43
1771	43
1772	43
1773	43
1774	43
1775	43
1776	43
1777	43
1778	43
1779	43
1780	44
1781	44
1782	44
1783	44
1784	44
1785	44
1786	44
1787	44
1788	44
1789	44
1790	44
1791	44
1792	44
1793	44
1794	44
1795	44
1796	44
1797	44
1798	44
1799	44
1800	44
1801	44
1802	44
1803	44
1804	44
1805	44
1806	44
1807	44
1808	44
1809	44
1810	44
1811	44
1812	44
1813	44
1814	44
1815	44
1816	44
1817	44
1818	44
1819	44
1820	44
1821	44
1822	44
1823	44
1824	44
1825	44
1826	44
1827	44
1828	44
1829	44
1830	44
1831	44
1832	44
1833	44
1834	45
1835	45
1836	45