1	1
2	1
3	1
4	1
5	1
6	1
7	1
8	1
9	1
10	1
11	1
12	1
13	1
14	1
15	1
16	1
17	1
18	1
19	1
20	1
21	1
22	1
23	1
24	1
25	1
26	1
27	1
28	1
29	1
30	1
31	1
32	1
33	1
34	1
35	1
36	1
37	1
38	1
39	1
40	1
41	1
42	1
43	1
44	1
45	2
46	2
47	2
48	2
49	2
50	2
51	2
52	2
53	2
54	2
55	2
56	2
57	2
58	2
59	2
60	2
61	2
62	2
63	2
64	2
65	2
66	2
67	2
68	2
69	3
70	3
71	3
72	3
73	3
74	3
75	3
76	3
77	3
78	3
79	3
80	3
81	3
82	3
83	3
84	3
85	3
86	3
87	3
88	4
89	4
90	4
91	4
92	4
93	4
94	4
95	4
96	4
97	4
98	4
99	4
100	4
101	5
102	5
103	5
104	5
105	5
106	5
107	5
108	5
109	5
110	5
111	5
112	5
113	5
114	5
115	5
116	5
117	5
118	5
119	6
120	6
121	6
122	6
123	6
124	6
125	6
126	6
127	6
128	6
129	6
130	6
131	6
132	6
133	6
134	6
135	6
136	6
137	6
138	6
139	6
140	6
141	6
142	6
143	6
144	6
145	6
146	6
147	6
148	6
149	6
150	6
151	6
152	6
153	6
154	6
155	6
156	6
157	6
158	6
159	6
160	6
161	6
162	6
163	6
164	6
165	6
166	6
167	6
168	6
169	6
170	6
171	6
172	6
173	6
174	6
175	6
176	6
177	6
178	6
179	6
180	6
181	6
182	6
183	6
184	6
185	6
186	6
187	6
188	6
189	6
190	6
191	6
192	6
193	6
194	6
195	6
196	6
197	6
198	6
199	6
200	6
201	6
202	6
203	6
204	6
205	6
206	6
207	6
208	6
209	6
210	6
211	6
212	6
213	6
214	6
215	6
216	6
217	6
218	6
219	6
220	6
221	6
222	6
223	6
224	6
225	6
226	6
227	6
228	6
229	6
230	6
231	6
232	6
233	6
234	6
235	6
236	6
237	7
238	7
239	7
240	7
241	7
242	7
243	7
244	7
245	7
246	7
247	7
248	8
249	8
250	8
251	8
252	8
253	8
254	8
255	8
256	8
257	8
258	8
259	9
260	9
261	9
262	9
263	9
264	9
265	9
266	9
267	9
268	9
269	10
270	10
271	10
272	10
273	10
274	10
275	10
276	10
277	10
278	10
279	10
280	10
281	10
282	10
283	10
284	10
285	10
286	10
287	10
288	10
289	10
290	10
291	10
292	10
293	10
294	10
295	10
296	10
297	10
298	10
299	10
300	10
301	10
302	10
303	10
304	10
305	10
306	10
307	10
308	10
309	10
310	10
311	10
312	10
313	10
314	10
315	10
316	10
317	10
318	10
319	10
320	10
321	10
322	10
323	10
324	10
325	10
326	10
327	10
328	10
329	10
330	10
331	10
332	10
333	10
334	10
335	10
336	10
337	10
338	10
339	10
340	10
341	10
342	10
343	10
344	10
345	10
346	10
347	10
348	10
349	10
350	10
351	10
352	10
353	10
354	10
355	10
356	10
357	10
358	10
359	11
360	11
361	11
362	11
363	11
364	11
365	11
366	11
367	11
368	11
369	11
370	11
371	11
372	11
373	11
374	11
375	11
376	11
377	11
378	11
379	11
380	11
381	11
382	11
383	11
384	11
385	11
386	12
387	12
388	12
389	12
390	12
391	13
392	13
393	13
394	13
395	13
396	13
397	14
398	14
399	14
400	14
401	14
402	14
403	14
404	14
405	14
406	14
407	14
408	14
409	14
410	15
411	15
412	15
413	15
414	15
415	15
416	15
417	15
418	15
419	15
420	15
421	15
422	15
423	15
424	15
425	15
426	15
427	15
428	15
429	15
430	15
431	15
432	15
433	15
434	15
435	15
436	15
437	15
438	15
439	15
440	15
441	15
442	15
443	15
444	15
445	16
446	16
447	16
448	16
449	16
450	16
451	16
452	16
453	16
454	16
455	16
456	16
457	16
458	16
459	16
460	16
461	16
462	16
463	16
464	16
465	16
466	16
467	16
468	16
469	16
470	16
471	16
472	16
473	16
474	16
475	16
476	16
477	16
478	16
479	16
480	16
481	16
482	16
483	16
484	16
485	16
486	16
487	16
488	16
489	16
490	16
491	16
492	16
493	16
494	16
495	16
496	16
497	17
498	17
499	17
500	17
501	17
502	17
503	17
504	17
505	17
506	17
507	17
508	17
509	17
510	17
511	17
512	17
513	17
514	17
515	17
516	17
517	17
518	17
519	17
520	17
521	17
522	17
523	17
524	17
525	17
526	17
527	17
528	17
529	17
530	17
531	17
532	17
533	17
534	17
535	17
536	17
537	17
538	17
539	17
540	17
541	17
542	17
543	17
544	17
545	17
546	17
547	17
548	17
549	17
550	17
551	17
552	17
553	17
554	17
555	17
556	17
557	17
558	17
559	17
560	17
561	17
562	17
563	17
564	17
565	17
566	17
567	17
568	17
569	17
570	17
571	17
572	17
573	17
574	17
575	17
576	17
577	17
578	17
579	17
580	17
581	17
582	17
583	17
584	17
585	17
586	17
587	17
588	17
589	17
590	17
591	17
592	17
593	17
594	17
595	17
596	17
597	17
598	17
599	17
600	17
601	17
602	17
603	17
604	17
605	17
606	17
607	17
608	17
609	17
610	17
611	17
612	17
613	17
614	17
615	17
616	17
617	17
618	17
619	17
620	17
621	17
622	17
623	17
624	17
625	17
626	17
627	17
628	17
629	17
630	17
631	17
632	17
633	17
634	17
635	17
636	17
637	17
638	17
639	17
640	17
641	17
642	17
643	17
644	17
645	17
646	17
647	17
648	17
649	17
650	17
651	17
652	17
653	17
654	17
655	17
656	17
657	17
658	17
659	17
660	17
661	17
662	17
663	17
664	17
665	17
666	17
667	17
668	17
669	17
670	17
671	17
672	17
673	17
674	17
675	17
676	17
677	17
678	17
679	17
680	17
681	17
682	17
683	17
684	17
685	17
686	17
687	17
688	17
689	17
690	17
691	17
692	17
693	17
694	18
695	18
696	18
697	18
698	18
699	18
700	18
701	18
702	18
703	18
704	18
705	18
706	18
707	18
708	18
709	18
710	18
711	18
712	18
713	18
714	18
715	18
716	18
717	18
718	19
719	19
720	19
721	19
722	19
723	19
724	19
725	19
726	19
727	19
728	19
729	19
730	19
731	19
732	19
733	19
734	19
735	19
736	19
737	19
738	19
739	19
740	19
741	19
742	19
743	19
744	19
745	19
746	19
747	19
748	19
749	19
750	19
751	19
752	19
753	20
754	20
755	20
756	20
757	20
758	20
759	20
760	20
761	20
762	20
763	20
764	20
765	20
766	20
767	20
768	20
769	20
770	20
771	20
772	20
773	20
774	20
775	20
776	20
777	20
778	20
779	20
780	20
781	20
782	20
783	20
784	20
785	20
786	20
787	20
788	20
789	20
790	20
791	20
792	20
793	20
794	20
795	20
796	20
797	20
798	20
799	20
800	20
801	20
802	20
803	20
804	20
805	20
806	20
807	20
808	20
809	20
810	20
811	20
812	20
813	20
814	20
815	21
816	21
817	21
818	21
819	21
820	21
821	21
822	22
823	22
824	22
825	22
826	22
827	22
828	22
829	22
830	22
831	22
832	22
833	22
834	22
835	22
836	22
837	22
838	22
839	22
840	22
841	22
842	22
843	22
844	22
845	22
846	22
847	22
848	22
849	22
850	22
851	22
852	22
853	22
854	22
855	22
856	22
857	22
858	22
859	22
860	22
861	22
862	22
863	22
864	22
865	22
866	22
867	22
868	22
869	22
870	23
871	23
872	23
873	23
874	23
875	23
876	23
877	23
878	23
879	23
880	23
881	23
882	23
883	23
884	23
885	23
886	23
887	23
888	23
889	23
890	23
891	23
892	23
893	23
894	23
895	23
896	23
897	23
898	23
899	23
900	23
901	23
902	23
903	23
904	23
905	23
906	23
907	23
908	23
909	23
910	23
911	23
912	23
913	23
914	23
915	23
916	23
917	23
918	23
919	23
920	23
921	23
922	23
923	23
924	23
925	23
926	23
927	23
928	23
929	23
930	23
931	23
932	23
933	23
934	23
935	24
936	24
937	24
938	24
939	24
940	24
941	24
942	24
943	24
944	24
945	24
946	24
947	24
948	24
949	24
950	24
951	24
952	24
953	24
954	24
955	24
956	24
957	24
958	24
959	24
960	24
961	24
962	24
963	24
964	24
965	24
966	24
967	24
968	24
969	24
970	24
971	24
972	24
973	24
974	24
975	24
976	24
977	24
978	24
979	24
980	24
981	24
982	24
983	24
984	24
985	24
986	24
987	24
988	24
989	24
990	24
991	24
992	24
993	24
994	24
995	24
996	24
997	24
998	24
999	24
1000	24
1001	24
1002	24
1003	24
1004	24
1005	24
1006	24
1007	24
1008	24
1009	24
1010	24
1011	24
1012	24
1013	24
1014	24
1015	24
1016	24
1017	24
1018	24
1019	24
1020	24
1021	24
1022	24
1023	24
1024	24
1025	24
1026	24
1027	24
1028	24
1029	24
1030	24
1031	24
1032	24
1033	25
1034	25
1035	25
1036	25
1037	25
1038	25
1039	25
1040	25
1041	25
1042	25
1043	25
1044	25
1045	25
1046	25
1047	25
1048	25
1049	25
1050	25
1051	25
1052	25
1053	25
1054	25
1055	25
1056	25
1057	25
1058	25
1059	25
1060	25
1061	25
1062	26
1063	26
1064	26
1065	26
1066	26
1067	26
1068	26
1069	26
1070	26
1071	26
1072	26
1073	26
1074	26
1075	26
1076	26
1077	26
1078	26
1079	26
1080	26
1081	26
1082	26
1083	26
1084	26
1085	26
1086	26
1087	26
1088	26
1089	26
1090	26
1091	26
1092	26
1093	26
1094	26
1095	26
1096	26
1097	26
1098	26
1099	26
1100	26
1101	26
1102	26
1103	26
1104	26
1105	26
1106	26
1107	26
1108	26
1109	26
1110	26
1111	26
1112	26
1113	26
1114	26
1115	26
1116	26
1117	26
1118	26
1119	26
1120	26
1121	26
1122	26
1123	26
1124	26
1125	26
1126	26
1127	26
1128	26
1129	26
1130	26
1131	26
1132	26
1133	26
1134	26
1135	26
1136	26
1137	26
1138	26
1139	26
1140	26
1141	26
1142	26
1143	26
1144	26
1145	26
1146	26
1147	26
1148	26
1149	26
1150	26
1151	26
1152	26
1153	26
1154	26
1155	26
1156	26
1157	26
1158	26
1159	26
1160	26
1161	26
1162	26
1163	26
1164	26
1165	26
1166	26
1167	26
1168	26
1169	26
1170	26
1171	26
1172	26
1173	26
1174	26
1175	26
1176	26
1177	26
1178	26
1179	26
1180	26
1181	26
1182	26
1183	26
1184	26
1185	26
1186	26
1187	26
1188	26
1189	26
1190	26
1191	26
1192	26
1193	26
1194	26
1195	26
1196	26
1197	26
1198	26
1199	26
1200	26
1201	26
1202	26
1203	26
1204	26
1205	26
1206	26
1207	26
1208	27
1209	27
1210	27
1211	27
1212	27
1213	27
1214	27
1215	27
1216	27
1217	27
1218	27
1219	27
1220	27
1221	27
1222	27
1223	27
1224	27
1225	27
1226	27
1227	27
1228	27
1229	27
1230	27
1231	27
1232	27
1233	27
1234	27
1235	27
1236	27
1237	27
1238	27
1239	27
1240	27
1241	27
1242	27
1243	28
1244	28
1245	28
1246	28
1247	28
1248	28
1249	28
1250	28
1251	28
1252	28
1253	28
1254	29
1255	29
1256	29
1257	29
1258	29
1259	29
1260	29
1261	29
1262	29
1263	29
1264	29
1265	29
1266	29
1267	29
1268	29
1269	29
1270	29
1271	29
1272	29
1273	29
1274	29
1275	29
1276	29
1277	29
1278	29
1279	29
1280	29
1281	29
1282	29
1283	29
1284	29
1285	29
1286	29
1287	29
1288	29
1289	29
1290	29
1291	29
1292	29
1293	29
1294	29
1295	29
1296	29
1297	29
1298	29
1299	29
1300	29
1301	29
1302	29
1303	29
1304	29
1305	29
1306	29
1307	29
1308	29
1309	29
1310	29
1311	29
1312	29
1313	29
1314	29
1315	29
1316	29
1317	29
1318	29
1319	29
1320	29
1321	29
1322	29
1323	29
1324	29
1325	29
1326	29
1327	29
1328	29
1329	29
1330	29
1331	29
1332	29
1333	29
1334	29
1335	29
1336	29
1337	29
1338	29
1339	29
1340	29
1341	29
1342	29
1343	29
1344	29
1345	29
1346	29
1347	29
1348	29
1349	29
1350	29
1351	29
1352	29
1353	29
1354	29
1355	29
1356	29
1357	29
1358	29
1359	29
1360	29
1361	29
1362	29
1363	29
1364	29
1365	29
1366	29
1367	29
1368	29
1369	29
1370	29
1371	29
1372	29
1373	29
1374	29
1375	29
1376	29
1377	29
1378	29
1379	29
1380	29
1381	29
1382	29
1383	29
1384	29
1385	29
1386	29
1387	29
1388	29
1389	29
1390	29
1391	29
1392	29
1393	29
1394	29
1395	29
1396	29
1397	29
1398	29
1399	29
1400	29
1401	29
1402	29
1403	29
1404	29
1405	29
1406	29
1407	29
1408	29
1409	29
1410	29
1411	29
1412	29
1413	29
1414	29
1415	29
1416	29
1417	29
1418	29
1419	29
1420	29
1421	29
1422	29
1423	29
1424	29
1425	29
1426	29
1427	29
1428	29
1429	29
1430	29
1431	29
1432	29
1433	29
1434	29
1435	29
1436	29
1437	29
1438	29
1439	29
1440	29
1441	29
1442	29
1443	29
1444	29
1445	29
1446	29
1447	29
1448	29
1449	29
1450	29
1451	29
1452	29
1453	29
1454	29
1455	29
1456	29
1457	29
1458	29
1459	29
1460	29
1461	29
1462	29
1463	29
1464	29
1465	29
1466	29
1467	29
1468	29
1469	29
1470	29
1471	29
1472	29
1473	29
1474	29
1475	29
1476	29
1477	29
1478	29
1479	29
1480	29
1481	29
1482	29
1483	29
1484	29
1485	29
1486	29
1487	29
1488	29
1489	29
1490	29
1491	29
1492	29
1493	29
1494	29
1495	29
1496	29
1497	29
1498	29
1499	29
1500	29
1501	29
1502	29
1503	29
1504	29
1505	29
1506	29
1507	29
1508	29
1509	29
1510	29
1511	29
1512	29
1513	29
1514	29
1515	29
1516	29
1517	29
1518	29
1519	29
1520	29
1521	29
1522	29
1523	29
1524	29
1525	29
1526	29
1527	29
1528	29
1529	29
1530	29
1531	29
1532	29
1533	29
1534	29
1535	29
1536	29
1537	29
1538	29
1539	29
1540	29
1541	29
1542	29
1543	29
1544	29
1545	29
1546	29
1547	29
1548	29
1549	29
1550	29
1551	29
1552	29
1553	29
1554	29
1555	29
1556	29
1557	29
1558	29
1559	29
1560	29
1561	29
1562	29
1563	29
1564	29
1565	29
1566	29
1567	29
1568	30
1569	30
1570	30
1571	30
1572	30
1573	30
1574	30
1575	30
1576	30
1577	30
1578	30
1579	30
1580	30
1581	30
1582	30
1583	30
1584	30
1585	30
1586	30
1587	30
1588	30
1589	30
1590	30
1591	30
1592	30
1593	30
1594	30
1595	30
1596	30
1597	30
1598	30
1599	30
1600	30
1601	30
1602	30
1603	30
1604	30
1605	30
1606	30
1607	30
1608	30
1609	30
1610	30
1611	30
1612	30
1613	30
1614	30
1615	30
1616	30
1617	30
1618	30
1619	30
1620	30
1621	30
1622	30
1623	30
1624	30
1625	30
1626	30
1627	30
1628	30
1629	30
1630	30
1631	30
1632	30
1633	30
1634	30
1635	30
1636	30
1637	30
1638	30
1639	30
1640	30
1641	30
1642	30
1643	30
1644	30
1645	30
1646	30
1647	30
1648	30
1649	30
1650	30
1651	30
1652	30
1653	30
1654	30
1655	30
1656	30
1657	30
1658	30
1659	30
1660	30
1661	30
1662	30
1663	30
1664	30
1665	30
1666	30
1667	30
1668	30
1669	30
1670	30
1671	30
1672	30
1673	30
1674	30
1675	30
1676	30
1677	30
1678	30
1679	30
1680	30
1681	31
1682	31
1683	31
1684	31
1685	31
1686	31
1687	31
1688	31
1689	31
1690	31
1691	31
1692	31
1693	31
1694	31
1695	31
1696	31
1697	31
1698	31
1699	31
1700	31
1701	31
1702	31
1703	31
1704	31
1705	31
1706	31
1707	31
1708	31
1709	31
1710	31
1711	31
1712	31
1713	31
1714	31
1715	31
1716	31
1717	31
1718	31
1719	31
1720	31
1721	31
1722	31
1723	31
1724	31
1725	31
1726	31
1727	31
1728	31
1729	31
1730	31
1731	31
1732	31
1733	31
1734	31
1735	31
1736	31
1737	31
1738	31
1739	31
1740	31
1741	31
1742	31
1743	31
1744	31
1745	31
1746	31
1747	31
1748	31
1749	31
1750	31
1751	31
1752	31
1753	31
1754	31
1755	31
1756	31
1757	31
1758	31
1759	31
1760	31
1761	31
1762	31
1763	31
1764	31
1765	31
1766	31
1767	31
1768	31
1769	31
1770	31
1771	31
1772	31
1773	31
1774	31
1775	31
1776	31
1777	31
1778	31
1779	31
1780	31
1781	31
1782	31
1783	31
1784	31
1785	31
1786	31
1787	31
1788	31
1789	31
1790	31
1791	31
1792	31
1793	31
1794	31
1795	31
1796	31
1797	31
1798	31
1799	31
1800	31
1801	31
1802	31
1803	31
1804	31
1805	31
1806	31
1807	31
1808	31
1809	31
1810	31
1811	31
1812	31
1813	31
1814	31
1815	31
1816	31
1817	31
1818	31
1819	31
1820	31
1821	31
1822	31
1823	31
1824	31
1825	31
1826	31
1827	31
1828	31
1829	31
1830	31
1831	31
1832	31
1833	31
1834	31
1835	31
1836	31
1837	31
1838	31
1839	31
1840	31
1841	31
1842	31
1843	31
1844	31
1845	31
1846	31
1847	31
1848	31
1849	31
1850	31
1851	31
1852	31
1853	31
1854	31
1855	31
1856	31
1857	31
1858	31
1859	31
1860	31
1861	31
1862	31
1863	31
1864	31
1865	31
1866	31
1867	31
1868	31
1869	31
1870	31
1871	31
1872	31
1873	31
1874	31
1875	31
1876	31
1877	31
1878	31
1879	31
1880	31
1881	31
1882	31
1883	31
1884	31
1885	31
1886	31
1887	31
1888	31
1889	31
1890	31
1891	31
1892	31
1893	31
1894	31
1895	31
1896	31
1897	31
1898	31
1899	31
1900	31
1901	31
1902	31
1903	31
1904	31
1905	31
1906	31
1907	31
1908	31
1909	31
1910	31
1911	31
1912	31
1913	31
1914	31
1915	31
1916	31
1917	31
1918	31
1919	31
1920	31
1921	31
1922	31
1923	31
1924	31
1925	31
1926	31
1927	31
1928	31
1929	31
1930	31
1931	31
1932	32
1933	32
1934	32
1935	32
1936	32
1937	32
1938	32
1939	32
1940	32
1941	33
1942	33
1943	33
1944	33
1945	33
1946	33
1947	33
1948	33
1949	33
1950	33
1951	33
1952	33
1953	33
1954	33
1955	33
1956	33
1957	34
1958	34
1959	34
1960	34
1961	34
1962	34
1963	34
1964	34
1965	34
1966	34
1967	34
1968	34
1969	34
1970	34
1971	34
1972	34
1973	34
1974	34
1975	34
1976	34
1977	34
1978	34
1979	34
1980	34
1981	34
1982	34
1983	34
1984	34
1985	34
1986	34
1987	34
1988	34
1989	34
1990	34
1991	34
1992	34
1993	34
1994	34
1995	34
1996	34
1997	34
1998	34
1999	34
2000	34
2001	34
2002	34
2003	34
2004	34
2005	34
2006	34
2007	34
2008	34
2009	34
2010	34
2011	34
2012	35
2013	35
2014	35
2015	35
2016	35
2017	35
2018	35
2019	35
2020	35
2021	35
2022	36
2023	36
2024	36
2025	36
2026	36
2027	36
2028	36
2029	36
2030	36
2031	36
2032	36
2033	36
2034	36
2035	36
2036	36
2037	36
2038	36
2039	36
2040	36
2041	36
2042	36
2043	36
2044	36
2045	36
2046	36
2047	36
2048	36
2049	36
2050	36
2051	36
2052	36
2053	36
2054	37
2055	37
2056	37
2057	37
2058	37
2059	37
2060	37
2061	37
2062	37
2063	37
2064	37
2065	37
2066	37
2067	37
2068	38
2069	38
2070	38
2071	38
2072	38
2073	38
2074	38
2075	38
2076	38
2077	38
2078	38
2079	38
2080	38
2081	38
2082	38
2083	38
2084	38
2085	39
2086	39
2087	39
2088	39
2089	39
2090	39
2091	39
2092	39
2093	39
2094	39
2095	39
2096	39
2097	39
2098	39
2099	39
2100	39
2101	39
2102	39
2103	39
2104	39
2105	39
2106	39
2107	39
2108	39
2109	39
2110	39
2111	39
2112	39
2113	39
2114	39
2115	39
2116	39
2117	39
2118	39
2119	39
2120	39
2121	39
2122	39
2123	39
2124	39
2125	39
2126	39
2127	39
2128	39
2129	39
2130	39
2131	39
2132	39
2133	39
2134	39
2135	39
2136	39
2137	39
2138	39
2139	39
2140	39
2141	39
2142	39
2143	39
2144	39
2145	39
2146	39
2147	39
2148	39
2149	39
2150	39
2151	39
2152	39
2153	39
2154	39
2155	39
2156	39
2157	39
2158	39
2159	39
2160	39
2161	39
2162	39
2163	39
2164	39
2165	39
2166	39
2167	39
2168	39
2169	39
2170	39
2171	39
2172	39
2173	39
2174	39
2175	39
2176	39
2177	39
2178	39
2179	39
2180	39
2181	39
2182	39
2183	39
2184	39
2185	39
2186	39
2187	40
2188	40
2189	40
2190	40
2191	40
2192	40
2193	40
2194	40
2195	40
2196	40
2197	40
2198	40
2199	40
2200	40
2201	40
2202	40
2203	40
2204	40
2205	40
2206	40
2207	40
2208	40
2209	41
2210	41
2211	41
2212	41
2213	41
2214	41
2215	41
2216	41
2217	42
2218	42
2219	42
2220	42
2221	42
2222	42
2223	42
2224	42
2225	42
2226	42
2227	42
2228	42
2229	42
2230	43
2231	43
2232	43
2233	43
2234	43
2235	43
2236	43
2237	43
2238	43
2239	43
2240	43
2241	43
2242	43
2243	43
2244	43
2245	43
2246	43
2247	44
2248	44
2249	44
2250	44
2251	44
2252	44
2253	44
2254	44
2255	44
2256	44
2257	44
2258	44
2259	44
2260	44
2261	44
2262	44
2263	44
2264	44
2265	44
2266	44
2267	44
2268	44
2269	44
2270	44
2271	44
2272	44
2273	44
2274	44
2275	44
2276	44
2277	44
2278	44
2279	44
2280	44
2281	44
2282	44
2283	44
2284	44
2285	44
2286	44
2287	44
2288	44
2289	44
2290	44
2291	44
2292	44
2293	44
2294	44
2295	44
2296	44
2297	44
2298	44
2299	44
2300	44
2301	44
2302	44
2303	44
2304	44
2305	44
2306	44
2307	44
2308	44
2309	44
2310	44
2311	44
2312	44
2313	44
2314	44
2315	45
2316	45
2317	45
2318	45
2319	45
