1	1
2	1
3	2
4	2
5	2
6	3
7	3
8	3
9	3
10	3
11	3
12	3
13	3
14	3
15	3
16	3
17	3
18	3
19	3
20	3
21	3
22	3
23	3
24	3
25	3
26	3
27	3
28	3
29	3
30	3
31	3
32	3
33	3
34	3
35	3
36	3
37	3
38	3
39	3
40	3
41	3
42	3
43	4
44	4
45	4
46	4
47	5
48	5
49	5
50	5
51	6
52	6
53	6
54	6
55	6
56	6
57	6
58	6
59	6
60	6
61	6
62	6
63	6
64	6
65	6
66	6
67	6
68	6
69	6
70	6
71	6
72	6
73	6
74	6
75	6
76	6
77	6
78	6
79	6
80	7
81	7
82	8
83	8
84	8
85	8
86	9
87	9
88	9
89	10
90	10
91	10
92	10
93	10
94	10
95	10
96	11
97	11
98	11
99	11
100	11
101	11
102	11
103	11
104	11
105	11
106	11
107	12
108	12
109	12
110	13
111	13
112	13
113	13
114	13
115	13
116	13
117	13
118	13
119	13
120	13
121	13
122	13
123	13
124	13
125	13
126	14
127	14
128	14
129	14
130	14
131	14
132	14
133	14
134	14
135	14
136	14
137	14
138	14
139	14
140	14
141	14
142	15
143	15
144	15
145	15
146	15
147	15
148	15
149	15
150	15
151	15
152	15
153	16
154	16
155	16
156	16
157	16
158	16
159	16
160	16
161	16
162	16
163	16
164	16
165	16
166	16
167	17
168	17
169	17
170	17
171	17
172	17
173	17
174	17
175	17
176	18
177	18
178	18
179	19
180	19
181	19
182	19
183	19
184	19
185	20
186	20
187	20
188	20
189	20
190	20
191	20
192	20
193	20
194	20
195	20
196	20
197	20
198	20
199	21
200	21
201	21
202	21
203	21
204	21
205	21
206	21
207	21
208	21
209	21
210	21
211	21
212	21
213	21
214	21
215	21
216	21
217	21
218	21
219	21
220	21
221	21
222	21
223	21
224	21
225	21
226	21
227	21
228	21
229	21
230	21
231	22
232	22
233	22
234	22
235	22
236	22
237	22
238	22
239	22
240	23
241	23
242	23
243	23
244	24
245	24
246	24
247	24
248	24
249	24
250	24
251	24
252	24
253	24
254	25
255	25
256	25
257	26
258	26
259	26
260	26
261	26
262	26
263	26
264	26
265	26
266	26
267	26
268	26
269	26
270	26
271	26
272	26
273	26
274	26
275	27
276	27
277	27
278	27
279	27
280	27
281	27
282	27
283	27
284	27
285	28
286	28
287	28
288	28
289	29
290	29
291	30
292	30
293	31
294	31
295	31
296	31
297	31
298	31
299	31
300	31
301	31
302	31
303	31
304	31
305	31
306	31
307	31
308	31
309	31
310	32
311	32
312	32
313	32
314	32
315	32
316	32
317	32
318	32
319	32
320	32
321	32
322	32
323	32
324	32
325	32
326	32
327	32
328	32
329	32
330	32
331	32
332	32
333	32
334	32
335	32
336	32
337	32
338	32
339	32
340	32
341	33
342	33
343	33
344	33
345	33
346	34
347	34
348	34
349	34
350	35
351	35
352	36
353	36
354	36
355	36
356	36
357	36
358	36
359	36
360	37
361	37
362	38
363	38
364	38
365	38
366	39
367	39
368	39
369	39
370	39
371	39
372	39
373	39
374	39
375	39
376	39
377	39