1	1
2	1
3	1
4	1
5	1
6	1
7	1
8	1
9	2
10	2
11	2
12	2
13	2
14	2
15	2
16	2
17	2
18	3
19	3
20	3
21	3
22	3
23	3
24	3
25	3
26	3
27	3
28	3
29	3
30	3
31	3
32	3
33	3
34	3
35	3
36	3
37	3
38	3
39	3
40	3
41	3
42	3
43	3
44	3
45	3
46	3
47	3
48	3
49	3
50	3
51	3
52	3
53	3
54	3
55	3
56	3
57	3
58	3
59	3
60	3
61	3
62	3
63	3
64	3
65	3
66	3
67	3
68	3
69	3
70	3
71	3
72	3
73	3
74	3
75	3
76	3
77	3
78	3
79	3
80	3
81	3
82	3
83	3
84	3
85	3
86	3
87	3
88	3
89	3
90	3
91	3
92	3
93	3
94	3
95	3
96	3
97	3
98	3
99	3
100	3
101	3
102	3
103	3
104	3
105	3
106	3
107	3
108	3
109	3
110	3
111	3
112	3
113	3
114	3
115	3
116	3
117	3
118	3
119	3
120	3
121	3
122	3
123	3
124	3
125	3
126	3
127	3
128	3
129	3
130	3
131	3
132	3
133	3
134	3
135	3
136	3
137	3
138	3
139	3
140	3
141	3
142	3
143	3
144	3
145	3
146	3
147	3
148	3
149	3
150	3
151	3
152	3
153	3
154	3
155	3
156	3
157	3
158	3
159	3
160	3
161	3
162	4
163	4
164	4
165	4
166	4
167	4
168	4
169	4
170	4
171	4
172	4
173	4
174	4
175	5
176	5
177	5
178	5
179	5
180	5
181	5
182	5
183	5
184	5
185	5
186	5
187	5
188	5
189	5
190	6
191	6
192	6
193	6
194	6
195	6
196	6
197	6
198	6
199	6
200	6
201	6
202	6
203	6
204	6
205	6
206	6
207	6
208	6
209	6
210	6
211	6
212	6
213	6
214	6
215	6
216	6
217	6
218	6
219	6
220	6
221	6
222	6
223	6
224	6
225	6
226	6
227	6
228	6
229	6
230	6
231	6
232	6
233	6
234	6
235	6
236	6
237	6
238	6
239	6
240	6
241	6
242	6
243	6
244	6
245	6
246	6
247	6
248	6
249	6
250	6
251	6
252	6
253	6
254	6
255	6
256	6
257	6
258	6
259	6
260	6
261	6
262	6
263	6
264	6
265	6
266	6
267	6
268	6
269	6
270	6
271	6
272	6
273	6
274	6
275	6
276	6
277	6
278	6
279	6
280	6
281	6
282	6
283	6
284	6
285	6
286	6
287	6
288	6
289	6
290	6
291	6
292	6
293	6
294	6
295	6
296	6
297	6
298	6
299	6
300	6
301	6
302	6
303	7
304	7
305	7
306	7
307	7
308	7
309	7
310	8
311	8
312	8
313	8
314	8
315	8
316	8
317	8
318	8
319	8
320	8
321	8
322	8
323	8
324	9
325	9
326	9
327	9
328	9
329	9
330	9
331	9
332	9
333	9
334	9
335	9
336	10
337	10
338	10
339	10
340	10
341	10
342	10
343	10
344	10
345	10
346	10
347	10
348	10
349	10
350	10
351	10
352	10
353	10
354	10
355	10
356	10
357	10
358	10
359	10
360	10
361	10
362	10
363	11
364	11
365	11
366	11
367	11
368	11
369	11
370	11
371	11
372	11
373	11
374	11
375	11
376	11
377	11
378	11
379	11
380	11
381	11
382	11
383	11
384	11
385	11
386	11
387	11
388	11
389	11
390	11
391	11
392	11
393	11
394	11
395	11
396	11
397	11
398	11
399	11
400	11
401	11
402	11
403	11
404	11
405	11
406	12
407	12
408	12
409	12
410	12
411	12
412	12
413	12
414	12
415	12
416	12
417	12
418	13
419	13
420	13
421	13
422	13
423	13
424	13
425	13
426	13
427	13
428	13
429	13
430	13
431	13
432	13
433	13
434	13
435	13
436	13
437	13
438	13
439	13
440	13
441	13
442	13
443	13
444	13
445	13
446	13
447	13
448	13
449	13
450	13
451	13
452	13
453	13
454	13
455	13
456	13
457	13
458	13
459	13
460	13
461	13
462	13
463	13
464	13
465	13
466	13
467	13
468	13
469	13
470	13
471	13
472	13
473	13
474	13
475	13
476	13
477	13
478	13
479	13
480	14
481	14
482	14
483	14
484	14
485	14
486	14
487	14
488	14
489	14
490	14
491	14
492	14
493	14
494	14
495	14
496	14
497	14
498	14
499	14
500	14
501	14
502	14
503	14
504	14
505	14
506	14
507	14
508	14
509	14
510	14
511	14
512	14
513	14
514	14
515	14
516	14
517	14
518	14
519	14
520	14
521	14
522	14
523	14
524	14
525	14
526	14
527	14
528	14
529	14
530	14
531	14
532	14
533	14
534	14
535	14
536	14
537	14
538	14
539	14
540	14
541	14
542	14
543	15
544	15
545	15
546	15
547	15
548	15
549	15
550	15
551	15
552	15
553	15
554	15
555	15
556	15
557	15
558	15
559	15
560	15
561	15
562	15
563	15
564	15
565	15
566	15
567	15
568	15
569	15
570	15
571	15
572	15
573	15
574	15
575	15
576	15
577	15
578	15
579	15
580	15
581	15
582	15
583	15
584	15
585	15
586	16
587	16
588	16
589	16
590	16
591	16
592	16
593	16
594	16
595	16
596	16
597	16
598	16
599	16
600	16
601	16
602	16
603	16
604	16
605	16
606	16
607	16
608	16
609	16
610	16
611	16
612	16
613	16
614	16
615	16
616	16
617	16
618	16
619	16
620	16
621	16
622	16
623	16
624	16
625	16
626	16
627	16
628	16
629	16
630	16
631	16
632	16
633	16
634	16
635	16
636	16
637	16
638	16
639	17
640	17
641	17
642	17
643	17
644	17
645	17
646	17
647	17
648	17
649	17
650	17
651	17
652	17
653	17
654	17
655	17
656	17
657	17
658	17
659	17
660	17
661	17
662	17
663	17
664	17
665	17
666	17
667	17
668	17
669	17
670	17
671	17
672	17
673	17
674	18
675	18
676	18
677	18
678	18
679	18
680	18
681	18
682	19
683	19
684	19
685	19
686	19
687	19
688	19
689	19
690	19
691	19
692	19
693	19
694	19
695	19
696	19
697	19
698	19
699	19
700	19
701	19
702	19
703	19
704	20
705	20
706	20
707	20
708	20
709	20
710	20
711	20
712	20
713	20
714	20
715	20
716	20
717	20
718	20
719	20
720	20
721	20
722	20
723	20
724	20
725	20
726	20
727	20
728	20
729	20
730	20
731	20
732	20
733	20
734	20
735	20
736	20
737	20
738	20
739	20
740	20
741	20
742	20
743	20
744	20
745	20
746	20
747	20
748	20
749	20
750	20
751	20
752	20
753	20
754	20
755	20
756	20
757	21
758	21
759	21
760	21
761	21
762	21
763	21
764	21
765	21
766	21
767	21
768	21
769	21
770	21
771	21
772	21
773	21
774	21
775	21
776	21
777	21
778	21
779	21
780	21
781	21
782	21
783	21
784	21
785	21
786	21
787	21
788	21
789	21
790	21
791	21
792	21
793	21
794	21
795	21
796	21
797	21
798	21
799	21
800	21
801	21
802	21
803	21
804	21
805	21
806	21
807	21
808	21
809	21
810	21
811	21
812	21
813	21
814	21
815	21
816	21
817	21
818	21
819	21
820	21
821	21
822	21
823	21
824	21
825	21
826	21
827	21
828	21
829	21
830	21
831	21
832	21
833	21
834	21
835	21
836	21
837	21
838	21
839	21
840	21
841	21
842	21
843	21
844	21
845	21
846	21
847	21
848	21
849	21
850	21
851	21
852	21
853	21
854	21
855	21
856	21
857	21
858	21
859	21
860	21
861	21
862	21
863	21
864	21
865	21
866	21
867	21
868	21
869	21
870	21
871	21
872	21
873	21
874	21
875	21
876	21
877	21
878	21
879	21
880	21
881	21
882	21
883	22
884	22
885	22
886	22
887	22
888	22
889	22
890	22
891	22
892	22
893	22
894	22
895	22
896	22
897	22
898	22
899	22
900	22
901	22
902	22
903	22
904	22
905	22
906	22
907	22
908	22
909	22
910	22
911	22
912	22
913	22
914	22
915	22
916	23
917	23
918	23
919	23
920	23
921	23
922	23
923	23
924	23
925	23
926	23
927	23
928	23
929	23
930	23
931	24
932	24
933	24
934	24
935	24
936	24
937	24
938	24
939	24
940	24
941	24
942	24
943	24
944	24
945	24
946	24
947	24
948	24
949	24
950	24
951	24
952	24
953	24
954	24
955	24
956	24
957	24
958	24
959	24
960	24
961	24
962	24
963	24
964	24
965	24
966	24
967	24
968	24
969	25
970	25
971	25
972	25
973	25
974	25
975	25
976	25
977	25
978	25
979	26
980	26
981	26
982	26
983	26
984	26
985	26
986	26
987	26
988	26
989	26
990	26
991	26
992	26
993	26
994	26
995	26
996	26
997	26
998	26
999	26
1000	26
1001	26
1002	26
1003	26
1004	26
1005	26
1006	26
1007	26
1008	26
1009	26
1010	26
1011	26
1012	26
1013	26
1014	26
1015	26
1016	26
1017	26
1018	26
1019	26
1020	26
1021	26
1022	26
1023	26
1024	26
1025	26
1026	26
1027	26
1028	26
1029	26
1030	26
1031	26
1032	26
1033	26
1034	26
1035	26
1036	26
1037	26
1038	26
1039	26
1040	26
1041	26
1042	26
1043	26
1044	26
1045	26
1046	26
1047	26
1048	26
1049	26
1050	27
1051	27
1052	27
1053	27
1054	27
1055	27
1056	27
1057	27
1058	27
1059	27
1060	27
1061	27
1062	27
1063	27
1064	27
1065	27
1066	27
1067	27
1068	27
1069	27
1070	27
1071	27
1072	27
1073	27
1074	27
1075	27
1076	27
1077	27
1078	27
1079	27
1080	27
1081	27
1082	27
1083	27
1084	27
1085	27
1086	27
1087	28
1088	28
1089	28
1090	28
1091	28
1092	28
1093	28
1094	28
1095	28
1096	28
1097	28
1098	28
1099	29
1100	29
1101	30
1102	30
1103	30
1104	30
1105	30
1106	30
1107	30
1108	30
1109	31
1110	31
1111	31
1112	31
1113	31
1114	31
1115	31
1116	31
1117	31
1118	31
1119	31
1120	31
1121	31
1122	31
1123	31
1124	31
1125	31
1126	31
1127	31
1128	31
1129	31
1130	31
1131	31
1132	31
1133	31
1134	31
1135	31
1136	31
1137	31
1138	31
1139	31
1140	31
1141	31
1142	31
1143	31
1144	31
1145	31
1146	31
1147	31
1148	31
1149	31
1150	31
1151	31
1152	31
1153	31
1154	31
1155	31
1156	31
1157	31
1158	31
1159	31
1160	31
1161	31
1162	31
1163	31
1164	31
1165	31
1166	31
1167	31
1168	31
1169	31
1170	31
1171	31
1172	31
1173	31
1174	31
1175	31
1176	32
1177	32
1178	32
1179	32
1180	32
1181	32
1182	32
1183	32
1184	32
1185	32
1186	32
1187	32
1188	32
1189	32
1190	32
1191	32
1192	32
1193	32
1194	32
1195	32
1196	32
1197	32
1198	32
1199	32
1200	32
1201	32
1202	32
1203	32
1204	32
1205	32
1206	32
1207	32
1208	32
1209	32
1210	32
1211	32
1212	32
1213	32
1214	32
1215	32
1216	32
1217	32
1218	32
1219	32
1220	32
1221	32
1222	32
1223	32
1224	32
1225	32
1226	32
1227	32
1228	32
1229	32
1230	32
1231	32
1232	32
1233	32
1234	32
1235	32
1236	32
1237	32
1238	32
1239	32
1240	32
1241	32
1242	32
1243	32
1244	32
1245	32
1246	32
1247	32
1248	32
1249	32
1250	32
1251	32
1252	32
1253	32
1254	32
1255	32
1256	32
1257	32
1258	32
1259	32
1260	32
1261	32
1262	32
1263	32
1264	32
1265	32
1266	32
1267	32
1268	32
1269	32
1270	32
1271	32
1272	32
1273	32
1274	32
1275	32
1276	32
1277	32
1278	32
1279	32
1280	32
1281	32
1282	32
1283	32
1284	32
1285	32
1286	32
1287	32
1288	32
1289	32
1290	32
1291	32
1292	32
1293	32
1294	32
1295	32
1296	32
1297	32
1298	33
1299	33
1300	33
1301	33
1302	33
1303	33
1304	33
1305	33
1306	33
1307	33
1308	33
1309	33
1310	33
1311	33
1312	33
1313	33
1314	34
1315	34
1316	34
1317	34
1318	34
1319	34
1320	34
1321	34
1322	34
1323	34
1324	34
1325	34
1326	34
1327	35
1328	35
1329	35
1330	35
1331	35
1332	35
1333	35
1334	35
1335	36
1336	36
1337	36
1338	36
1339	36
1340	36
1341	36
1342	36
1343	36
1344	36
1345	36
1346	36
1347	36
1348	36
1349	36
1350	36
1351	36
1352	36
1353	36
1354	36
1355	36
1356	36
1357	36
1358	36
1359	36
1360	36
1361	36
1362	36
1363	37
1364	37
1365	37
1366	37
1367	37
1368	37
1369	37
1370	38
1371	38
1372	38
1373	38
1374	38
1375	38
1376	38
1377	38
1378	38
1379	38
1380	38
1381	38
1382	38
1383	39
1384	39
1385	39
1386	39
1387	39
1388	39
1389	39
1390	39
1391	39
1392	39
1393	39
1394	39
1395	39
1396	39
1397	39
1398	39
1399	39
1400	39
1401	39
1402	39
1403	39
1404	39
1405	39
1406	39
1407	39
1408	39
1409	39
1410	39
1411	39
1412	39
1413	39
1414	39
1415	39
1416	39
1417	39
1418	39
1419	39
1420	39
1421	39
1422	39
1423	39
1424	39
1425	39
1426	39
1427	39
1428	39
1429	39
1430	39