1	1
2	1
3	1
4	1
5	1
6	1
7	1
8	1
9	1
10	1
11	2
12	2
13	2
14	2
15	2
16	2
17	2
18	2
19	2
20	2
21	2
22	2
23	3
24	3
25	3
26	3
27	3
28	3
29	3
30	3
31	3
32	3
33	3
34	3
35	3
36	3
37	3
38	3
39	3
40	3
41	3
42	3
43	3
44	3
45	3
46	3
47	3
48	3
49	3
50	3
51	3
52	3
53	3
54	3
55	3
56	3
57	3
58	3
59	3
60	3
61	3
62	3
63	3
64	3
65	3
66	3
67	3
68	3
69	3
70	3
71	3
72	3
73	3
74	3
75	3
76	3
77	3
78	3
79	3
80	3
81	3
82	3
83	3
84	3
85	3
86	3
87	3
88	3
89	3
90	3
91	3
92	3
93	3
94	3
95	3
96	3
97	3
98	3
99	3
100	3
101	3
102	3
103	3
104	3
105	3
106	3
107	3
108	3
109	3
110	3
111	3
112	3
113	3
114	3
115	3
116	3
117	3
118	3
119	3
120	3
121	3
122	3
123	3
124	3
125	3
126	3
127	3
128	3
129	3
130	3
131	3
132	3
133	3
134	3
135	3
136	3
137	3
138	3
139	3
140	3
141	3
142	3
143	3
144	3
145	3
146	3
147	3
148	3
149	3
150	3
151	3
152	3
153	3
154	3
155	3
156	3
157	3
158	3
159	3
160	3
161	3
162	3
163	3
164	3
165	3
166	3
167	3
168	3
169	3
170	3
171	3
172	3
173	3
174	3
175	3
176	3
177	3
178	3
179	3
180	3
181	3
182	3
183	3
184	3
185	3
186	3
187	3
188	3
189	3
190	3
191	3
192	3
193	3
194	3
195	3
196	3
197	3
198	3
199	3
200	3
201	3
202	3
203	3
204	4
205	4
206	4
207	4
208	4
209	4
210	4
211	4
212	4
213	4
214	4
215	4
216	4
217	4
218	4
219	4
220	4
221	5
222	5
223	5
224	5
225	5
226	5
227	5
228	5
229	5
230	5
231	5
232	5
233	5
234	5
235	5
236	5
237	5
238	5
239	5
240	6
241	6
242	6
243	6
244	6
245	6
246	6
247	6
248	6
249	6
250	6
251	6
252	6
253	6
254	6
255	6
256	6
257	6
258	6
259	6
260	6
261	6
262	6
263	6
264	6
265	6
266	6
267	6
268	6
269	6
270	6
271	6
272	6
273	6
274	6
275	6
276	6
277	6
278	6
279	6
280	6
281	6
282	6
283	6
284	6
285	6
286	6
287	6
288	6
289	6
290	6
291	6
292	6
293	6
294	6
295	6
296	6
297	6
298	6
299	6
300	6
301	6
302	6
303	6
304	6
305	6
306	6
307	6
308	6
309	6
310	6
311	6
312	6
313	6
314	6
315	6
316	6
317	6
318	6
319	6
320	6
321	6
322	6
323	6
324	6
325	6
326	6
327	6
328	6
329	6
330	6
331	6
332	6
333	6
334	6
335	6
336	6
337	6
338	6
339	6
340	6
341	6
342	6
343	6
344	6
345	6
346	6
347	6
348	6
349	6
350	6
351	6
352	6
353	6
354	6
355	6
356	6
357	6
358	6
359	6
360	6
361	6
362	6
363	6
364	6
365	6
366	6
367	6
368	6
369	6
370	6
371	6
372	6
373	6
374	6
375	6
376	6
377	6
378	6
379	6
380	6
381	6
382	7
383	7
384	7
385	7
386	7
387	7
388	7
389	7
390	7
391	8
392	8
393	8
394	8
395	8
396	8
397	8
398	8
399	8
400	8
401	8
402	8
403	8
404	8
405	8
406	8
407	8
408	8
409	9
410	9
411	9
412	9
413	9
414	9
415	9
416	9
417	9
418	9
419	9
420	9
421	9
422	9
423	9
424	10
425	10
426	10
427	10
428	10
429	10
430	10
431	10
432	10
433	10
434	10
435	10
436	10
437	10
438	10
439	10
440	10
441	10
442	10
443	10
444	10
445	10
446	10
447	10
448	10
449	10
450	10
451	10
452	10
453	10
454	10
455	10
456	10
457	10
458	11
459	11
460	11
461	11
462	11
463	11
464	11
465	11
466	11
467	11
468	11
469	11
470	11
471	11
472	11
473	11
474	11
475	11
476	11
477	11
478	11
479	11
480	11
481	11
482	11
483	11
484	11
485	11
486	11
487	11
488	11
489	11
490	11
491	11
492	11
493	11
494	11
495	11
496	11
497	11
498	11
499	11
500	11
501	11
502	11
503	11
504	11
505	11
506	11
507	11
508	11
509	11
510	11
511	11
512	12
513	12
514	12
515	12
516	12
517	12
518	12
519	12
520	12
521	12
522	12
523	12
524	12
525	12
526	12
527	13
528	13
529	13
530	13
531	13
532	13
533	13
534	13
535	13
536	13
537	13
538	13
539	13
540	13
541	13
542	13
543	13
544	13
545	13
546	13
547	13
548	13
549	13
550	13
551	13
552	13
553	13
554	13
555	13
556	13
557	13
558	13
559	13
560	13
561	13
562	13
563	13
564	13
565	13
566	13
567	13
568	13
569	13
570	13
571	13
572	13
573	13
574	13
575	13
576	13
577	13
578	13
579	13
580	13
581	13
582	13
583	13
584	13
585	13
586	13
587	13
588	13
589	13
590	13
591	13
592	13
593	13
594	13
595	13
596	13
597	13
598	13
599	13
600	13
601	13
602	13
603	13
604	13
605	14
606	14
607	14
608	14
609	14
610	14
611	14
612	14
613	14
614	14
615	14
616	14
617	14
618	14
619	14
620	14
621	14
622	14
623	14
624	14
625	14
626	14
627	14
628	14
629	14
630	14
631	14
632	14
633	14
634	14
635	14
636	14
637	14
638	14
639	14
640	14
641	14
642	14
643	14
644	14
645	14
646	14
647	14
648	14
649	14
650	14
651	14
652	14
653	14
654	14
655	14
656	14
657	14
658	14
659	14
660	14
661	14
662	14
663	14
664	14
665	14
666	14
667	14
668	14
669	14
670	14
671	14
672	14
673	14
674	14
675	14
676	14
677	14
678	14
679	14
680	14
681	14
682	14
683	14
684	15
685	15
686	15
687	15
688	15
689	15
690	15
691	15
692	15
693	15
694	15
695	15
696	15
697	15
698	15
699	15
700	15
701	15
702	15
703	15
704	15
705	15
706	15
707	15
708	15
709	15
710	15
711	15
712	15
713	15
714	15
715	15
716	15
717	15
718	15
719	15
720	15
721	15
722	15
723	15
724	15
725	15
726	15
727	15
728	15
729	15
730	15
731	15
732	15
733	15
734	15
735	15
736	15
737	15
738	16
739	16
740	16
741	16
742	16
743	16
744	16
745	16
746	16
747	16
748	16
749	16
750	16
751	16
752	16
753	16
754	16
755	16
756	16
757	16
758	16
759	16
760	16
761	16
762	16
763	16
764	16
765	16
766	16
767	16
768	16
769	16
770	16
771	16
772	16
773	16
774	16
775	16
776	16
777	16
778	16
779	16
780	16
781	16
782	16
783	16
784	16
785	16
786	16
787	16
788	16
789	16
790	16
791	16
792	16
793	16
794	16
795	16
796	16
797	16
798	16
799	16
800	16
801	16
802	16
803	16
804	16
805	17
806	17
807	17
808	17
809	17
810	17
811	17
812	17
813	17
814	17
815	17
816	17
817	17
818	17
819	17
820	17
821	17
822	17
823	17
824	17
825	17
826	17
827	17
828	17
829	17
830	17
831	17
832	17
833	17
834	17
835	17
836	17
837	17
838	17
839	17
840	17
841	17
842	17
843	17
844	17
845	17
846	17
847	17
848	17
849	18
850	18
851	18
852	18
853	18
854	18
855	18
856	18
857	18
858	18
859	18
860	19
861	19
862	19
863	19
864	19
865	19
866	19
867	19
868	19
869	19
870	19
871	19
872	19
873	19
874	19
875	19
876	19
877	19
878	19
879	19
880	19
881	19
882	19
883	19
884	19
885	19
886	19
887	19
888	20
889	20
890	20
891	20
892	20
893	20
894	20
895	20
896	20
897	20
898	20
899	20
900	20
901	20
902	20
903	20
904	20
905	20
906	20
907	20
908	20
909	20
910	20
911	20
912	20
913	20
914	20
915	20
916	20
917	20
918	20
919	20
920	20
921	20
922	20
923	20
924	20
925	20
926	20
927	20
928	20
929	20
930	20
931	20
932	20
933	20
934	20
935	20
936	20
937	20
938	20
939	20
940	20
941	20
942	20
943	20
944	20
945	20
946	20
947	20
948	20
949	20
950	20
951	20
952	20
953	20
954	20
955	21
956	21
957	21
958	21
959	21
960	21
961	21
962	21
963	21
964	21
965	21
966	21
967	21
968	21
969	21
970	21
971	21
972	21
973	21
974	21
975	21
976	21
977	21
978	21
979	21
980	21
981	21
982	21
983	21
984	21
985	21
986	21
987	21
988	21
989	21
990	21
991	21
992	21
993	21
994	21
995	21
996	21
997	21
998	21
999	21
1000	21
1001	21
1002	21
1003	21
1004	21
1005	21
1006	21
1007	21
1008	21
1009	21
1010	21
1011	21
1012	21
1013	21
1014	21
1015	21
1016	21
1017	21
1018	21
1019	21
1020	21
1021	21
1022	21
1023	21
1024	21
1025	21
1026	21
1027	21
1028	21
1029	21
1030	21
1031	21
1032	21
1033	21
1034	21
1035	21
1036	21
1037	21
1038	21
1039	21
1040	21
1041	21
1042	21
1043	21
1044	21
1045	21
1046	21
1047	21
1048	21
1049	21
1050	21
1051	21
1052	21
1053	21
1054	21
1055	21
1056	21
1057	21
1058	21
1059	21
1060	21
1061	21
1062	21
1063	21
1064	21
1065	21
1066	21
1067	21
1068	21
1069	21
1070	21
1071	21
1072	21
1073	21
1074	21
1075	21
1076	21
1077	21
1078	21
1079	21
1080	21
1081	21
1082	21
1083	21
1084	21
1085	21
1086	21
1087	21
1088	21
1089	21
1090	21
1091	21
1092	21
1093	21
1094	21
1095	21
1096	21
1097	21
1098	21
1099	21
1100	21
1101	21
1102	21
1103	21
1104	21
1105	21
1106	21
1107	21
1108	21
1109	21
1110	21
1111	21
1112	21
1113	22
1114	22
1115	22
1116	22
1117	22
1118	22
1119	22
1120	22
1121	22
1122	22
1123	22
1124	22
1125	22
1126	22
1127	22
1128	22
1129	22
1130	22
1131	22
1132	22
1133	22
1134	22
1135	22
1136	22
1137	22
1138	22
1139	22
1140	22
1141	22
1142	22
1143	22
1144	22
1145	22
1146	22
1147	22
1148	22
1149	22
1150	22
1151	22
1152	22
1153	22
1154	22
1155	23
1156	23
1157	23
1158	23
1159	23
1160	23
1161	23
1162	23
1163	23
1164	23
1165	23
1166	23
1167	23
1168	23
1169	23
1170	23
1171	23
1172	23
1173	23
1174	24
1175	24
1176	24
1177	24
1178	24
1179	24
1180	24
1181	24
1182	24
1183	24
1184	24
1185	24
1186	24
1187	24
1188	24
1189	24
1190	24
1191	24
1192	24
1193	24
1194	24
1195	24
1196	24
1197	24
1198	24
1199	24
1200	24
1201	24
1202	24
1203	24
1204	24
1205	24
1206	24
1207	24
1208	24
1209	24
1210	24
1211	24
1212	24
1213	24
1214	24
1215	24
1216	24
1217	24
1218	24
1219	24
1220	24
1221	24
1222	25
1223	25
1224	25
1225	25
1226	25
1227	25
1228	25
1229	25
1230	25
1231	25
1232	25
1233	25
1234	25
1235	26
1236	26
1237	26
1238	26
1239	26
1240	26
1241	26
1242	26
1243	26
1244	26
1245	26
1246	26
1247	26
1248	26
1249	26
1250	26
1251	26
1252	26
1253	26
1254	26
1255	26
1256	26
1257	26
1258	26
1259	26
1260	26
1261	26
1262	26
1263	26
1264	26
1265	26
1266	26
1267	26
1268	26
1269	26
1270	26
1271	26
1272	26
1273	26
1274	26
1275	26
1276	26
1277	26
1278	26
1279	26
1280	26
1281	26
1282	26
1283	26
1284	26
1285	26
1286	26
1287	26
1288	26
1289	26
1290	26
1291	26
1292	26
1293	26
1294	26
1295	26
1296	26
1297	26
1298	26
1299	26
1300	26
1301	26
1302	26
1303	26
1304	26
1305	26
1306	26
1307	26
1308	26
1309	26
1310	26
1311	26
1312	26
1313	26
1314	26
1315	26
1316	26
1317	26
1318	26
1319	26
1320	26
1321	26
1322	26
1323	26
1324	27
1325	27
1326	27
1327	27
1328	27
1329	27
1330	27
1331	27
1332	27
1333	27
1334	27
1335	27
1336	27
1337	27
1338	27
1339	27
1340	27
1341	27
1342	27
1343	27
1344	27
1345	27
1346	27
1347	27
1348	27
1349	27
1350	27
1351	27
1352	27
1353	27
1354	27
1355	27
1356	27
1357	27
1358	27
1359	27
1360	27
1361	27
1362	27
1363	27
1364	27
1365	27
1366	27
1367	27
1368	27
1369	27
1370	27
1371	28
1372	28
1373	28
1374	28
1375	28
1376	28
1377	28
1378	28
1379	28
1380	28
1381	28
1382	28
1383	28
1384	28
1385	28
1386	28
1387	29
1388	29
1389	29
1390	29
1391	30
1392	30
1393	30
1394	30
1395	30
1396	30
1397	30
1398	30
1399	30
1400	30
1401	31
1402	31
1403	31
1404	31
1405	31
1406	31
1407	31
1408	31
1409	31
1410	31
1411	31
1412	31
1413	31
1414	31
1415	31
1416	31
1417	31
1418	31
1419	31
1420	31
1421	31
1422	31
1423	31
1424	31
1425	31
1426	31
1427	31
1428	31
1429	31
1430	31
1431	31
1432	31
1433	31
1434	31
1435	31
1436	31
1437	31
1438	31
1439	31
1440	31
1441	31
1442	31
1443	31
1444	31
1445	31
1446	31
1447	31
1448	31
1449	31
1450	31
1451	31
1452	31
1453	31
1454	31
1455	31
1456	31
1457	31
1458	31
1459	31
1460	31
1461	31
1462	31
1463	31
1464	31
1465	31
1466	31
1467	31
1468	31
1469	31
1470	31
1471	31
1472	31
1473	31
1474	31
1475	31
1476	31
1477	31
1478	31
1479	31
1480	31
1481	31
1482	31
1483	31
1484	31
1485	32
1486	32
1487	32
1488	32
1489	32
1490	32
1491	32
1492	32
1493	32
1494	32
1495	32
1496	32
1497	32
1498	32
1499	32
1500	32
1501	32
1502	32
1503	32
1504	32
1505	32
1506	32
1507	32
1508	32
1509	32
1510	32
1511	32
1512	32
1513	32
1514	32
1515	32
1516	32
1517	32
1518	32
1519	32
1520	32
1521	32
1522	32
1523	32
1524	32
1525	32
1526	32
1527	32
1528	32
1529	32
1530	32
1531	32
1532	32
1533	32
1534	32
1535	32
1536	32
1537	32
1538	32
1539	32
1540	32
1541	32
1542	32
1543	32
1544	32
1545	32
1546	32
1547	32
1548	32
1549	32
1550	32
1551	32
1552	32
1553	32
1554	32
1555	32
1556	32
1557	32
1558	32
1559	32
1560	32
1561	32
1562	32
1563	32
1564	32
1565	32
1566	32
1567	32
1568	32
1569	32
1570	32
1571	32
1572	32
1573	32
1574	32
1575	32
1576	32
1577	32
1578	32
1579	32
1580	32
1581	32
1582	32
1583	32
1584	32
1585	32
1586	32
1587	32
1588	32
1589	32
1590	32
1591	32
1592	32
1593	32
1594	32
1595	32
1596	32
1597	32
1598	32
1599	32
1600	32
1601	32
1602	32
1603	32
1604	32
1605	32
1606	32
1607	32
1608	32
1609	32
1610	32
1611	32
1612	32
1613	32
1614	32
1615	32
1616	32
1617	32
1618	32
1619	32
1620	32
1621	32
1622	32
1623	32
1624	32
1625	32
1626	32
1627	32
1628	32
1629	32
1630	32
1631	32
1632	32
1633	32
1634	32
1635	32
1636	32
1637	32
1638	33
1639	33
1640	33
1641	33
1642	33
1643	33
1644	33
1645	33
1646	33
1647	33
1648	33
1649	33
1650	33
1651	33
1652	33
1653	33
1654	33
1655	33
1656	33
1657	33
1658	33
1659	34
1660	34
1661	34
1662	34
1663	34
1664	34
1665	34
1666	34
1667	34
1668	34
1669	34
1670	34
1671	34
1672	34
1673	34
1674	34
1675	34
1676	35
1677	35
1678	35
1679	35
1680	35
1681	35
1682	35
1683	35
1684	35
1685	35
1686	36
1687	36
1688	36
1689	36
1690	36
1691	36
1692	36
1693	36
1694	36
1695	36
1696	36
1697	36
1698	36
1699	36
1700	36
1701	36
1702	36
1703	36
1704	36
1705	36
1706	36
1707	36
1708	36
1709	36
1710	36
1711	36
1712	36
1713	36
1714	36
1715	36
1716	36
1717	36
1718	36
1719	36
1720	36
1721	36
1722	37
1723	37
1724	37
1725	37
1726	37
1727	37
1728	37
1729	37
1730	37
1731	38
1732	38
1733	38
1734	38
1735	38
1736	38
1737	38
1738	38
1739	38
1740	38
1741	38
1742	38
1743	38
1744	38
1745	38
1746	38
1747	38
1748	39
1749	39
1750	39
1751	39
1752	39
1753	39
1754	39
1755	39
1756	39
1757	39
1758	39
1759	39
1760	39
1761	39
1762	39
1763	39
1764	39
1765	39
1766	39
1767	39
1768	39
1769	39
1770	39
1771	39
1772	39
1773	39
1774	39
1775	39
1776	39
1777	39
1778	39
1779	39
1780	39
1781	39
1782	39
1783	39
1784	39
1785	39
1786	39
1787	39
1788	39
1789	39
1790	39
1791	39
1792	39
1793	39
1794	39
1795	39
1796	39
1797	39
1798	39
1799	39
1800	39
1801	39
1802	39
1803	39
1804	39
1805	39
1806	39
1807	39
