1	1
2	1
3	1
4	1
5	1
6	1
7	2
8	2
9	2
10	2
11	2
12	2
13	2
14	3
15	3
16	4
17	4
18	4
19	5
20	5
21	6
22	6
23	6
24	7
25	7
26	7
27	8
28	8
29	8
30	8
31	9
32	9
33	10
34	10
35	10
36	10
37	10
38	10
39	10
40	10
41	10
42	10
43	10
44	10
45	10
46	10
47	10
48	10
49	10
50	10
51	10
52	10
53	10
54	10
55	11
56	11
57	11
58	11
59	11
60	11
61	12
62	12
63	12
64	12
65	12
66	12
67	12
68	12
69	12
70	12
71	12
72	12
73	12
74	12
75	12
76	12
77	12
78	12
79	12
80	12
81	13
82	13
83	13
84	13
85	13
86	13
87	13
88	13
89	13
90	13
91	13
92	13
93	13
94	13
95	13
96	13
97	13
98	13
99	13
100	14
101	14
102	14
103	14
104	14
105	14
106	14
107	14
108	14
109	15
110	15
111	15
112	15
113	16
114	16
115	16
116	16
117	16
118	16
119	16
120	16
121	16
122	16
123	16
124	17
125	17
126	17
127	18
128	18
129	18
130	18
131	18
132	19
133	19
134	19
135	19
136	19
137	19
138	19
139	19
140	19
141	19
142	19
143	19
144	19
145	19
146	19
147	19
148	19
149	20
150	20
151	20
152	20
153	20
154	20
155	20
156	21
157	21
158	21
159	21
160	21
161	22
162	22
163	22
164	22
165	22
166	22
167	22
168	22
169	22
170	22
171	22
172	22
173	22
174	22
175	22
176	22
177	22
178	23
179	23
180	23
181	23
182	23
183	23
184	23
185	23
186	23
187	23
188	23
189	23
190	23
191	23
192	23
193	23
194	24
195	24
196	24
197	24
198	24
199	24
200	24
201	24
202	24
203	24
204	24
205	24
206	24
207	24
208	24
209	24
210	24
211	24
212	24
213	24
214	24
215	24
216	24
217	24
218	24
219	24
220	24
221	24
222	24
223	24
224	24
225	24
226	24
227	24
228	24
229	24
230	24
231	24
232	24
233	24
234	24
235	24
236	24
237	24
238	25
239	25
240	25
241	25
242	25
243	25
244	25
245	25
246	25
247	25
248	25
249	25
250	25
251	25
252	25
253	26
254	26
255	26
256	26
257	26
258	26
259	26
260	26
261	26
262	26
263	26
264	26
265	26
266	26
267	26
268	26
269	26
270	26
271	26
272	26
273	26
274	26
275	26
276	26
277	26
278	26
279	26
280	26
281	27
282	27
283	27
284	27