1	1
2	1
3	1
4	1
5	1
6	1
7	1
8	1
9	1
10	1
11	1
12	1
13	1
14	1
15	1
16	1
17	1
18	1
19	1
20	1
21	1
22	1
23	1
24	1
25	1
26	1
27	1
28	1
29	1
30	2
31	2
32	2
33	2
34	2
35	2
36	2
37	2
38	2
39	2
40	2
41	2
42	2
43	2
44	2
45	2
46	2
47	2
48	2
49	2
50	2
51	2
52	2
53	2
54	2
55	2
56	2
57	2
58	2
59	2
60	2
61	3
62	3
63	3
64	3
65	3
66	3
67	3
68	4
69	4
70	4
71	4
72	4
73	4
74	4
75	4
76	4
77	4
78	4
79	4
80	4
81	4
82	5
83	5
84	5
85	5
86	6
87	6
88	6
89	6
90	6
91	6
92	6
93	6
94	6
95	6
96	6
97	6
98	6
99	7
100	7
101	7
102	7
103	7
104	7
105	7
106	7
107	7
108	7
109	7
110	7
111	7
112	7
113	7
114	8
115	8
116	8
117	8
118	8
119	8
120	8
121	8
122	8
123	8
124	8
125	8
126	8
127	8
128	8
129	8
130	9
131	9
132	9
133	9
134	9
135	9
136	10
137	10
138	10
139	10
140	10
141	10
142	10
143	10
144	10
145	10
146	10
147	10
148	10
149	10
150	10
151	10
152	10
153	10
154	10
155	10
156	10
157	10
158	10
159	10
160	10
161	10
162	10
163	10
164	10
165	10
166	10
167	10
168	10
169	10
170	10
171	10
172	10
173	10
174	10
175	10
176	10
177	10
178	10
179	10
180	10
181	10
182	10
183	10
184	10
185	10
186	10
187	10
188	10
189	10
190	10
191	10
192	10
193	10
194	10
195	10
196	10
197	10
198	10
199	10
200	10
201	10
202	10
203	10
204	10
205	10
206	10
207	10
208	10
209	10
210	10
211	10
212	10
213	10
214	10
215	10
216	10
217	10
218	10
219	10
220	10
221	10
222	10
223	10
224	10
225	10
226	10
227	10
228	10
229	10
230	10
231	10
232	10
233	10
234	10
235	10
236	10
237	10
238	10
239	10
240	10
241	10
242	11
243	11
244	11
245	11
246	11
247	11
248	11
249	11
250	11
251	11
252	11
253	11
254	11
255	11
256	11
257	11
258	11
259	11
260	11
261	11
262	11
263	11
264	11
265	11
266	11
267	11
268	11
269	12
270	12
271	12
272	12
273	12
274	12
275	12
276	12
277	12
278	12
279	12
280	12
281	12
282	12
283	12
284	12
285	12
286	12
287	12
288	12
289	12
290	12
291	12
292	12
293	12
294	12
295	12
296	12
297	12
298	12
299	12
300	12
301	12
302	12
303	12
304	12
305	12
306	12
307	12
308	12
309	12
310	12
311	12
312	12
313	12
314	12
315	12
316	12
317	12
318	12
319	12
320	12
321	12
322	12
323	12
324	12
325	12
326	12
327	12
328	12
329	12
330	12
331	12
332	12
333	12
334	12
335	12
336	12
337	12
338	12
339	12
340	12
341	12
342	12
343	12
344	12
345	12
346	12
347	12
348	12
349	12
350	12
351	12
352	12
353	12
354	12
355	12
356	12
357	12
358	12
359	12
360	12
361	12
362	12
363	12
364	12
365	12
366	12
367	12
368	12
369	13
370	13
371	13
372	13
373	13
374	13
375	13
376	13
377	13
378	13
379	13
380	13
381	13
382	13
383	13
384	13
385	13
386	13
387	13
388	13
389	13
390	13
391	13
392	13
393	13
394	13
395	13
396	13
397	13
398	13
399	13
400	13
401	13
402	13
403	13
404	13
405	13
406	13
407	13
408	13
409	13
410	13
411	13
412	13
413	13
414	13
415	13
416	13
417	13
418	13
419	13
420	13
421	13
422	13
423	13
424	13
425	13
426	13
427	13
428	13
429	13
430	13
431	13
432	13
433	13
434	13
435	13
436	13
437	13
438	13
439	13
440	13
441	13
442	13
443	13
444	13
445	13
446	13
447	13
448	13
449	13
450	13
451	13
452	13
453	13
454	13
455	13
456	13
457	13
458	13
459	13
460	13
461	14
462	14
463	14
464	14
465	14
466	14
467	14
468	14
469	14
470	14
471	14
472	14
473	14
474	14
475	14
476	14
477	14
478	14
479	14
480	14
481	14
482	14
483	14
484	14
485	14
486	14
487	14
488	14
489	14
490	14
491	14
492	14
493	14
494	14
495	14
496	14
497	14
498	14
499	14
500	14
501	14
502	14
503	14
504	14
505	14
506	15
507	15
508	15
509	15
510	15
511	15
512	15
513	15
514	15
515	15
516	15
517	15
518	15
519	15
520	15
521	15
522	15
523	15
524	15
525	16
526	16
527	16
528	16
529	16
530	16
531	16
532	16
533	16
534	16
535	16
536	16
537	16
538	16
539	16
540	16
541	16
542	16
543	16
544	16
545	16
546	16
547	16
548	16
549	16
550	16
551	16
552	16
553	16
554	16
555	16
556	16
557	16
558	16
559	16
560	16
561	16
562	16
563	16
564	16
565	16
566	16
567	16
568	16
569	16
570	16
571	16
572	16
573	16
574	16
575	16
576	16
577	16
578	16
579	16
580	17
581	17
582	17
583	17
584	17
585	17
586	17
587	17
588	17
589	17
590	17
591	17
592	18
593	18
594	18
595	18
596	18
597	18
598	18
599	18
600	18
601	18
602	18
603	18
604	18
605	18
606	18
607	18
608	18
609	18
610	18
611	18
612	18
613	19
614	19
615	19
616	19
617	19
618	19
619	19
620	19
621	19
622	19
623	19
624	19
625	19
626	19
627	19
628	19
629	19
630	19
631	19
632	19
633	19
634	19
635	19
636	19
637	19
638	19
639	19
640	19
641	19
642	19
643	19
644	19
645	19
646	19
647	19
648	19
649	19
650	19
651	19
652	19
653	19
654	19
655	19
656	19
657	19
658	19
659	19
660	19
661	19
662	19
663	19
664	19
665	19
666	19
667	19
668	19
669	19
670	19
671	19
672	19
673	19
674	19
675	19
676	19
677	19
678	19
679	19
680	19
681	19
682	19
683	19
684	19
685	19
686	19
687	19
688	19
689	19
690	19
691	19
692	19
693	19
694	19
695	19
696	20
697	20
698	20
699	20
700	20
701	20
702	20
703	20
704	20
705	20
706	20
707	20
708	20
709	20
710	20
711	20
712	20
713	20
714	20
715	20
716	20
717	20
718	20
719	20
720	20
721	20
722	20
723	20
724	20
725	20
726	20
727	20
728	20
729	20
730	20
731	21
732	21
733	21
734	21
735	21
736	21
737	21
738	21
739	21
740	21
741	21
742	21
743	21
744	21
745	21
746	21
747	21
748	21
749	21
750	21
751	21
752	21
753	21
754	21
755	21
756	22
757	22
758	22
759	22
760	22
761	22
762	22
763	22
764	22
765	22
766	22
767	22
768	22
769	22
770	22
771	22
772	22
773	22
774	22
775	22
776	22
777	22
778	22
779	22
780	22
781	22
782	22
783	22
784	22
785	22
786	22
787	22
788	22
789	22
790	22
791	22
792	22
793	22
794	22
795	22
796	22
797	22
798	22
799	22
800	22
801	22
802	22
803	22
804	22
805	22
806	22
807	22
808	22
809	22
810	22
811	22
812	22
813	22
814	22
815	22
816	22
817	22
818	22
819	22
820	22
821	22
822	22
823	22
824	22
825	22
826	22
827	22
828	22
829	22
830	22
831	22
832	22
833	22
834	22
835	22
836	22
837	22
838	22
839	22
840	22
841	23
842	23
843	23
844	23
845	23
846	23
847	23
848	23
849	23
850	23
851	23
852	23
853	23
854	23
855	23
856	23
857	23
858	23
859	23
860	23
861	23
862	23
863	23
864	23
865	23
866	23
867	23
868	23
869	23
870	23
871	23
872	23
873	23
874	23
875	23
876	23
877	23
878	23
879	23
880	23
881	23
882	23
883	23
884	23
885	23
886	23
887	23
888	23
889	23
890	23
891	23
892	23
893	23
894	23
895	23
896	23
897	23
898	23
899	23
900	23
901	23
902	23
903	23
904	23
905	23
906	23
907	23
908	23
909	23
910	23
911	23
912	23
913	23
914	23
915	23
916	23
917	23
918	23
919	23
920	23
921	24
922	24
923	24
924	24
925	24
926	24
927	24
928	24
929	24
930	24
931	24
932	24
933	24
934	24
935	24
936	24
937	24
938	24
939	24
940	24
941	24
942	24
943	24
944	24
945	24
946	24
947	24
948	24
949	24
950	24
951	24
952	24
953	24
954	24
955	24
956	24
957	24
958	24
959	24
960	24
961	24
962	24
963	24
964	24
965	24
966	24
967	24
968	24
969	24
970	24
971	24
972	24
973	24
974	24
975	24
976	24
977	24
978	24
979	24
980	24
981	24
982	24
983	24
984	24
985	24
986	24
987	24
988	24
989	24
990	24
991	24
992	24
993	24
994	24
995	24
996	24
997	24
998	24
999	24
1000	24
1001	24
1002	24
1003	24
1004	24
1005	24
1006	24
1007	24
1008	24
1009	24
1010	24
1011	24
1012	24
1013	24
1014	24
1015	24
1016	24
1017	24
1018	24
1019	24
1020	24
1021	24
1022	24
1023	24
1024	24
1025	24
1026	24
1027	24
1028	24
1029	24
1030	24
1031	24
1032	24
1033	24
1034	24
1035	24
1036	24
1037	24
1038	24
1039	24
1040	24
1041	24
1042	24
1043	24
1044	24
1045	24
1046	24
1047	24
1048	24
1049	24
1050	24
1051	24
1052	24
1053	24
1054	24
1055	24
1056	24
1057	24
1058	24
1059	24
1060	24
1061	24
1062	24
1063	24
1064	24
1065	24
1066	24
1067	24
1068	24
1069	24
1070	24
1071	24
1072	24
1073	24
1074	24
1075	24
1076	24
1077	24
1078	24
1079	24
1080	24
1081	24
1082	24
1083	24
1084	24
1085	24
1086	24
1087	24
1088	24
1089	24
1090	24
1091	24
1092	24
1093	24
1094	24
1095	24
1096	24
1097	24
1098	24
1099	24
1100	24
1101	24
1102	24
1103	24
1104	24
1105	24
1106	24
1107	24
1108	24
1109	24
1110	24
1111	24
1112	24
1113	24
1114	24
1115	24
1116	24
1117	24
1118	24
1119	24
1120	24
1121	24
1122	24
1123	24
1124	24
1125	24
1126	24
1127	24
1128	24
1129	24
1130	24
1131	24
1132	24
1133	24
1134	24
1135	24
1136	24
1137	24
1138	24
1139	24
1140	25
1141	25
1142	25
1143	25
1144	25
1145	25
1146	25
1147	25
1148	25
1149	25
1150	25
1151	25
1152	25
1153	25
1154	25
1155	25
1156	25
1157	25
1158	25
1159	25
1160	25
1161	25
1162	25
1163	25
1164	25
1165	25
1166	25
1167	25
1168	25
1169	25
1170	25
1171	25
1172	25
1173	25
1174	25
1175	25
1176	25
1177	25
1178	25
1179	25
1180	25
1181	25
1182	25
1183	25
1184	25
1185	25
1186	25
1187	25
1188	25
1189	25
1190	25
1191	25
1192	25
1193	25
1194	25
1195	25
1196	25
1197	25
1198	25
1199	25
1200	25
1201	25
1202	25
1203	25
1204	25
1205	25
1206	25
1207	25
1208	25
1209	25
1210	25
1211	25
1212	26
1213	26
1214	26
1215	26
1216	26
1217	26
1218	26
1219	26
1220	26
1221	26
1222	26
1223	26
1224	26
1225	26
1226	26
1227	26
1228	26
1229	26
1230	26
1231	26
1232	26
1233	26
1234	26
1235	26
1236	26
1237	26
1238	26
1239	26
1240	26
1241	26
1242	26
1243	26
1244	26
1245	26
1246	26
1247	26
1248	26
1249	26
1250	26
1251	26
1252	26
1253	26
1254	26
1255	26
1256	26
1257	26
1258	26
1259	26
1260	26
1261	26
1262	26
1263	26
1264	26
1265	26
1266	26
1267	26
1268	26
1269	26
1270	26
1271	26
1272	26
1273	26
1274	26
1275	26
1276	26
1277	26
1278	26
1279	26
1280	26
1281	26
1282	26
1283	26
1284	26
1285	26
1286	26
1287	26
1288	26
1289	26
1290	26
1291	26
1292	26
1293	26
1294	26
1295	26
1296	26
1297	26
1298	26
1299	26
1300	26
1301	26
1302	26
1303	26
1304	26
1305	26
1306	26
1307	26
1308	26
1309	26
1310	26
1311	26
1312	26
1313	26
1314	26
1315	26
1316	26
1317	26
1318	26
1319	26
1320	26
1321	26
1322	26
1323	26
1324	26
1325	26
1326	26
1327	26
1328	26
1329	26
1330	26
1331	26
1332	26
1333	26
1334	26
1335	26
1336	26
1337	26
1338	26
1339	26
1340	26
1341	26
1342	26
1343	26
1344	26
1345	26
1346	26
1347	26
1348	26
1349	26
1350	26
1351	26
1352	27
1353	27
1354	27
1355	27
1356	27
1357	27
1358	27
1359	27
1360	27
1361	27
1362	27
1363	27
1364	27
1365	27
1366	27
1367	27
1368	27
1369	27
1370	27
