1	1
2	1
3	1
4	1
5	1
6	1
7	1
8	1
9	1
10	1
11	1
12	1
13	1
14	1
15	1
16	1
17	1
18	1
19	1
20	1
21	1
22	1
23	1
24	2
25	2
26	2
27	2
28	2
29	2
30	2
31	2
32	2
33	2
34	2
35	2
36	2
37	2
38	2
39	2
40	2
41	2
42	2
43	2
44	2
45	2
46	2
47	2
48	3
49	3
50	3
51	3
52	3
53	4
54	4
55	4
56	4
57	4
58	4
59	4
60	4
61	4
62	4
63	4
64	5
65	5
66	6
67	6
68	6
69	6
70	6
71	6
72	6
73	6
74	6
75	6
76	7
77	7
78	7
79	7
80	7
81	7
82	7
83	7
84	7
85	7
86	7
87	7
88	8
89	8
90	8
91	8
92	8
93	8
94	8
95	8
96	8
97	8
98	8
99	8
100	9
101	9
102	9
103	9
104	10
105	10
106	10
107	10
108	10
109	10
110	10
111	10
112	10
113	10
114	10
115	10
116	10
117	10
118	10
119	10
120	10
121	10
122	10
123	10
124	10
125	10
126	10
127	10
128	10
129	10
130	10
131	10
132	10
133	10
134	10
135	10
136	10
137	10
138	10
139	10
140	10
141	10
142	10
143	10
144	10
145	10
146	10
147	10
148	10
149	10
150	10
151	10
152	10
153	10
154	10
155	10
156	10
157	10
158	10
159	10
160	10
161	10
162	10
163	10
164	10
165	10
166	10
167	10
168	10
169	10
170	10
171	10
172	10
173	10
174	10
175	10
176	10
177	10
178	10
179	10
180	10
181	10
182	10
183	10
184	10
185	10
186	10
187	10
188	11
189	11
190	11
191	11
192	11
193	11
194	11
195	11
196	11
197	11
198	11
199	11
200	11
201	11
202	11
203	11
204	11
205	11
206	11
207	11
208	11
209	12
210	12
211	12
212	12
213	12
214	12
215	12
216	12
217	12
218	12
219	12
220	12
221	12
222	12
223	12
224	12
225	12
226	12
227	12
228	12
229	12
230	12
231	12
232	12
233	12
234	12
235	12
236	12
237	12
238	12
239	12
240	12
241	12
242	12
243	12
244	12
245	12
246	12
247	12
248	12
249	12
250	12
251	12
252	12
253	12
254	12
255	12
256	12
257	12
258	12
259	12
260	12
261	12
262	12
263	12
264	12
265	12
266	12
267	12
268	12
269	12
270	12
271	12
272	12
273	12
274	12
275	12
276	12
277	12
278	12
279	12
280	12
281	12
282	12
283	12
284	12
285	12
286	12
287	12
288	12
289	13
290	13
291	13
292	13
293	13
294	13
295	13
296	13
297	13
298	13
299	13
300	13
301	13
302	13
303	13
304	13
305	13
306	13
307	13
308	13
309	13
310	13
311	13
312	13
313	13
314	13
315	13
316	13
317	13
318	13
319	13
320	13
321	13
322	13
323	13
324	13
325	13
326	13
327	13
328	13
329	13
330	13
331	13
332	13
333	13
334	13
335	13
336	13
337	13
338	13
339	13
340	13
341	13
342	13
343	13
344	13
345	13
346	13
347	13
348	13
349	13
350	13
351	13
352	13
353	13
354	13
355	13
356	13
357	13
358	13
359	13
360	13
361	13
362	14
363	14
364	14
365	14
366	14
367	14
368	14
369	14
370	14
371	14
372	14
373	14
374	14
375	14
376	14
377	14
378	14
379	14
380	14
381	14
382	14
383	14
384	14
385	14
386	14
387	14
388	14
389	14
390	14
391	14
392	14
393	14
394	14
395	14
396	14
397	14
398	15
399	15
400	15
401	15
402	15
403	15
404	15
405	15
406	15
407	15
408	15
409	15
410	15
411	15
412	15
413	16
414	16
415	16
416	16
417	16
418	16
419	16
420	16
421	16
422	16
423	16
424	16
425	16
426	16
427	16
428	16
429	16
430	16
431	16
432	16
433	16
434	16
435	16
436	16
437	16
438	16
439	16
440	16
441	16
442	16
443	16
444	16
445	16
446	16
447	16
448	16
449	16
450	16
451	16
452	16
453	16
454	16
455	16
456	16
457	17
458	17
459	17
460	17
461	17
462	17
463	17
464	17
465	17
466	18
467	18
468	18
469	18
470	18
471	18
472	18
473	18
474	18
475	18
476	18
477	18
478	18
479	18
480	18
481	18
482	19
483	19
484	19
485	19
486	19
487	19
488	19
489	19
490	19
491	19
492	19
493	19
494	19
495	19
496	19
497	19
498	19
499	19
500	19
501	19
502	19
503	19
504	19
505	19
506	19
507	19
508	19
509	19
510	19
511	19
512	19
513	19
514	19
515	19
516	19
517	19
518	19
519	19
520	19
521	19
522	19
523	19
524	19
525	19
526	19
527	19
528	19
529	19
530	19
531	19
532	19
533	19
534	19
535	19
536	19
537	19
538	19
539	19
540	19
541	19
542	19
543	19
544	19
545	19
546	19
547	19
548	20
549	20
550	20
551	20
552	20
553	20
554	20
555	20
556	20
557	20
558	20
559	20
560	20
561	20
562	20
563	20
564	20
565	20
566	20
567	20
568	20
569	20
570	20
571	20
572	20
573	20
574	20
575	20
576	21
577	21
578	21
579	21
580	21
581	21
582	21
583	21
584	21
585	21
586	21
587	21
588	21
589	21
590	21
591	21
592	21
593	21
594	21
595	21
596	22
597	22
598	22
599	22
600	22
601	22
602	22
603	22
604	22
605	22
606	22
607	22
608	22
609	22
610	22
611	22
612	22
613	22
614	22
615	22
616	22
617	22
618	22
619	22
620	22
621	22
622	22
623	22
624	22
625	22
626	22
627	22
628	22
629	22
630	22
631	22
632	22
633	22
634	22
635	22
636	22
637	22
638	22
639	22
640	22
641	22
642	22
643	22
644	22
645	22
646	22
647	22
648	22
649	22
650	22
651	22
652	22
653	22
654	22
655	22
656	22
657	22
658	22
659	22
660	22
661	22
662	22
663	22
664	23
665	23
666	23
667	23
668	23
669	23
670	23
671	23
672	23
673	23
674	23
675	23
676	23
677	23
678	23
679	23
680	23
681	23
682	23
683	23
684	23
685	23
686	23
687	23
688	23
689	23
690	23
691	23
692	23
693	23
694	23
695	23
696	23
697	23
698	23
699	23
700	23
701	23
702	23
703	23
704	23
705	23
706	23
707	23
708	23
709	23
710	23
711	23
712	23
713	23
714	23
715	23
716	23
717	23
718	23
719	23
720	23
721	23
722	23
723	23
724	23
725	23
726	23
727	23
728	24
729	24
730	24
731	24
732	24
733	24
734	24
735	24
736	24
737	24
738	24
739	24
740	24
741	24
742	24
743	24
744	24
745	24
746	24
747	24
748	24
749	24
750	24
751	24
752	24
753	24
754	24
755	24
756	24
757	24
758	24
759	24
760	24
761	24
762	24
763	24
764	24
765	24
766	24
767	24
768	24
769	24
770	24
771	24
772	24
773	24
774	24
775	24
776	24
777	24
778	24
779	24
780	24
781	24
782	24
783	24
784	24
785	24
786	24
787	24
788	24
789	24
790	24
791	24
792	24
793	24
794	24
795	24
796	24
797	24
798	24
799	24
800	24
801	24
802	24
803	24
804	24
805	24
806	24
807	24
808	24
809	24
810	24
811	24
812	24
813	24
814	24
815	24
816	24
817	24
818	24
819	24
820	24
821	24
822	24
823	24
824	24
825	24
826	24
827	24
828	24
829	24
830	24
831	24
832	24
833	24
834	24
835	24
836	24
837	24
838	24
839	24
840	24
841	24
842	24
843	24
844	24
845	24
846	24
847	24
848	24
849	24
850	24
851	24
852	24
853	24
854	24
855	24
856	24
857	24
858	24
859	24
860	24
861	24
862	24
863	24
864	24
865	24
866	24
867	24
868	24
869	24
870	24
871	24
872	24
873	24
874	24
875	24
876	24
877	24
878	24
879	24
880	24
881	24
882	24
883	24
884	24
885	24
886	24
887	24
888	24
889	24
890	24
891	24
892	24
893	24
894	24
895	24
896	24
897	24
898	24
899	24
900	24
901	24
902	24
903	25
904	25
905	25
906	25
907	25
908	25
909	25
910	25
911	25
912	25
913	25
914	25
915	25
916	25
917	25
918	25
919	25
920	25
921	25
922	25
923	25
924	25
925	25
926	25
927	25
928	25
929	25
930	25
931	25
932	25
933	25
934	25
935	25
936	25
937	25
938	25
939	25
940	25
941	25
942	25
943	25
944	25
945	25
946	25
947	25
948	25
949	25
950	25
951	25
952	25
953	25
954	25
955	25
956	25
957	25
958	25
959	25
960	26
961	26
962	26
963	26
964	26
965	26
966	26
967	26
968	26
969	26
970	26
971	26
972	26
973	26
974	26
975	26
976	26
977	26
978	26
979	26
980	26
981	26
982	26
983	26
984	26
985	26
986	26
987	26
988	26
989	26
990	26
991	26
992	26
993	26
994	26
995	26
996	26
997	26
998	26
999	26
1000	26
1001	26
1002	26
1003	26
1004	26
1005	26
1006	26
1007	26
1008	26
1009	26
1010	26
1011	26
1012	26
1013	26
1014	26
1015	26
1016	26
1017	26
1018	26
1019	26
1020	26
1021	26
1022	26
1023	26
1024	26
1025	26
1026	26
1027	26
1028	26
1029	26
1030	26
1031	26
1032	26
1033	26
1034	26
1035	26
1036	26
1037	26
1038	26
1039	26
1040	26
1041	26
1042	26
1043	26
1044	26
1045	26
1046	26
1047	26
1048	26
1049	26
1050	26
1051	26
1052	26
1053	26
1054	26
1055	26
1056	26
1057	26
1058	26
1059	26
1060	26
1061	26
1062	26
1063	26
1064	26
1065	26
1066	26
1067	26
1068	26
1069	26
1070	26
1071	26
1072	27
1073	27
1074	27
1075	27
1076	27
1077	27
1078	27
1079	27
1080	27
1081	27
1082	27
1083	27
1084	27
1085	27
1086	27