1	1
2	1
3	1
4	1
5	1
6	1
7	1
8	1
9	1
10	1
11	1
12	1
13	1
14	1
15	1
16	1
17	1
18	1
19	1
20	1
21	1
22	1
23	1
24	1
25	1
26	1
27	1
28	1
29	1
30	1
31	1
32	1
33	1
34	1
35	1
36	1
37	1
38	1
39	1
40	1
41	1
42	1
43	1
44	1
45	1
46	1
47	1
48	1
49	1
50	1
51	1
52	1
53	1
54	1
55	1
56	1
57	1
58	1
59	1
60	1
61	1
62	1
63	1
64	1
65	2
66	2
67	2
68	2
69	2
70	2
71	2
72	2
73	2
74	2
75	2
76	2
77	2
78	2
79	2
80	2
81	2
82	2
83	2
84	2
85	2
86	2
87	2
88	2
89	2
90	2
91	2
92	2
93	2
94	3
95	3
96	3
97	3
98	3
99	3
100	3
101	3
102	3
103	3
104	3
105	3
106	3
107	3
108	3
109	3
110	3
111	3
112	3
113	3
114	3
115	3
116	3
117	3
118	3
119	3
120	3
121	3
122	3
123	3
124	3
125	3
126	3
127	3
128	3
129	3
130	3
131	3
132	3
133	3
134	4
135	4
136	4
137	4
138	4
139	4
140	4
141	4
142	4
143	4
144	4
145	4
146	4
147	4
148	4
149	4
150	4
151	4
152	4
153	4
154	4
155	4
156	4
157	4
158	4
159	4
160	4
161	4
162	4
163	4
164	4
165	4
166	4
167	4
168	4
169	4
170	4
171	4
172	4
173	4
174	4
175	4
176	4
177	4
178	4
179	4
180	4
181	4
182	4
183	4
184	4
185	4
186	4
187	4
188	4
189	4
190	5
191	5
192	5
193	5
194	5
195	5
196	5
197	5
198	5
199	5
200	5
201	5
202	5
203	5
204	5
205	5
206	5
207	5
208	5
209	5
210	5
211	5
212	5
213	5
214	5
215	5
216	5
217	5
218	5
219	5
220	6
221	6
222	6
223	6
224	6
225	6
226	6
227	6
228	6
229	6
230	6
231	6
232	7
233	7
234	7
235	7
236	7
237	7
238	7
239	7
240	7
241	7
242	7
243	7
244	7
245	7
246	7
247	7
248	7
249	7
250	7
251	7
252	7
253	7
254	7
255	7
256	7
257	7
258	7
259	7
260	7
261	7
262	7
263	7
264	7
265	7
266	7
267	7
268	7
269	7
270	7
271	7
272	7
273	7
274	7
275	7
276	7
277	7
278	7
279	7
280	7
281	7
282	7
283	7
284	8
285	8
286	8
287	8
288	8
289	8
290	8
291	8
292	8
293	8
294	8
295	8
296	8
297	8
298	8
299	8
300	8
301	9
302	9
303	9
304	9
305	9
306	9
307	9
308	9
309	9
310	9
311	9
312	9
313	9
314	9
315	9
316	9
317	9
318	9
319	9
320	9
321	9
322	9
323	9
324	9
325	9
326	9
327	9
328	9
329	9
330	9
331	9
332	9
333	9
334	9
335	9
336	9
337	9
338	9
339	9
340	9
341	9
342	9
343	9
344	9
345	9
346	9
347	9
348	9
349	9
350	9
351	9
352	9
353	9
354	9
355	9
356	9
357	9
358	9
359	9
360	9
361	9
362	9
363	9
364	9
365	9
366	9
367	9
368	9
369	9
370	9
371	9
372	9
373	9
374	9
375	10
376	10
377	10
378	10
379	10
380	10
381	10
382	10
383	11
384	11
385	11
386	11
387	11
388	11
389	11
390	11
391	11
392	11
393	11
394	11
395	11
396	11
397	11
398	11
399	11
400	11
401	11
402	11
403	11
404	11
405	11
406	11
407	11
408	11
409	11
410	11
411	11
412	11
413	11
414	11
415	12
416	12
417	12
418	12
419	12
420	12
421	12
422	12
423	12
424	12
425	12
426	12
427	12
428	12
429	12
430	12
431	12
432	12
433	12
434	12
435	13
436	13
437	13
438	13
439	13
440	13
441	13
442	13
443	13
444	13
445	13
446	13
447	13
448	13
449	13
450	13
451	13
452	13
453	13
454	13
455	13
456	13
457	13
458	13
459	13
460	13
461	13
462	13
463	14
464	14
465	14
466	14
467	14
468	14
469	14
470	14
471	14
472	15
473	15
474	15
475	15
476	15
477	15
478	15
479	15
480	15
481	15
482	15
483	15
484	16
485	16
486	16
487	16
488	16
489	16
490	16
491	16
492	16
493	16
494	16
495	16
496	16
497	16
498	16
499	16
500	16
501	16
502	16
503	16
504	16
505	16
506	16
507	16
508	16
509	16
510	16
511	16
512	16
513	16
514	16
515	16
516	16
517	16
518	16
519	16
520	16
521	16
522	16
523	16
524	16
525	16
526	16
527	16
528	16
529	16
530	16
531	16
532	16
533	16
534	16
535	16
536	16
537	16
538	16
539	16
540	16
541	16
542	16
543	16
544	16
545	16
546	16
547	16
548	16
549	16
550	16
551	16
552	16
553	16
554	16
555	16
556	16
557	16
558	16
559	16
560	16
561	16
562	16
563	16
564	17
565	17
566	17
567	17
568	17
569	17
570	17
571	17
572	17
573	17
574	17
575	17
576	17
577	17
578	17
579	17
580	17
581	17
582	17
583	17
584	17
585	17
586	17
587	17
588	17
589	17
590	17
591	17
592	17
593	17
594	17
595	17
596	17
597	17
598	17
599	17
600	17
601	17
602	17
603	17
604	17
605	17
606	17
607	17
608	17
609	17
610	17
611	17
612	17
613	17
614	17
615	17
616	17
617	17
618	17
619	17
620	17
621	17
622	17
623	17
624	17
625	17
626	17
627	17
628	17
629	17
630	17
631	18
632	18
633	18
634	18
635	18
636	18
637	18
638	18
639	18
640	18
641	18
642	18
643	18
644	18
645	18
646	18
647	18
648	18
649	18
650	18
651	18
652	18
653	18
654	18
655	18
656	18
657	18
658	18
659	18
660	18
661	18
662	18
663	18
664	18
665	18
666	18
667	18
668	18
669	18
670	18
671	18
672	18
673	18
674	18
675	18
676	18
677	18
678	18
679	18
680	18
681	18
682	18
683	18
684	18
685	18
686	18
687	18
688	18
689	18
690	18
691	18
692	18
693	18
694	18
695	18
696	18
697	18
698	18
699	18
700	18
701	18
702	18
703	18
704	18
705	18
706	18
707	18
708	18
709	18
710	18
711	18
712	18
713	18
714	18
715	18
716	18
717	18
718	18
719	18
720	18
721	18
722	18
723	18
724	18
725	18
726	18
727	18
728	18
729	18
730	19
731	19
732	19
733	19
734	19
735	19
736	19
737	19
738	19
739	19
740	19
741	19
742	19
743	19
744	19
745	19
746	19
747	19
748	19
749	19
750	19
751	19
752	19
753	19
754	19
755	19
756	19
757	19
758	19
759	19
760	19
761	19
762	19
763	19
764	19
765	19
766	19
767	19
768	19
769	19
770	19
771	19
772	19
773	19
774	19
775	19
776	19
777	19
778	19
779	19
780	19
781	19
782	19
783	19
784	19
785	19
786	19
787	19
788	19
789	19
790	19
791	19
792	19
793	19
794	19
795	19
796	19
797	19
798	19
799	19
800	19
801	19
802	19
803	19
804	19
805	19
806	19
807	19
808	19
809	19
810	19
811	19
812	19
813	19
814	19
815	19
816	19
817	19
818	19
819	19
820	19
821	19
822	19
823	19
824	19
825	19
826	19
827	19
828	19
829	19
830	19
831	19
832	19
833	19
834	19
835	19
836	19
837	19
838	19
839	19
840	19
841	19
842	19
843	19
844	19
845	19
846	19
847	19
848	19
849	19
850	19
851	19
852	19
853	19
854	19
855	19
856	19
857	19
858	20
859	20
860	20
861	20
862	20
863	20
864	20
865	20
866	20
867	20
868	20
869	20
870	20
871	20
872	20
873	20
874	20
875	20
876	20
877	20
878	20
879	20
880	20
881	20
882	20
883	20
884	20
885	20
886	20
887	20
888	20
889	20
890	20
891	20
892	20
893	20
894	20
895	20
896	20
897	20
898	20
899	20
900	20
901	20
902	20
903	20
904	20
905	20
906	20
907	20
908	20
909	20
910	20
911	20
912	20
913	20
914	20
915	20
916	20
917	20
918	20
919	20
920	20
921	20
922	20
923	20
924	20
925	20
926	20
927	20
928	20
929	20
930	20
931	20
932	20
933	20
934	20
935	20
936	20
937	20
938	20
939	20
940	20
941	20
942	20
943	21
944	21
945	21
946	21
947	21
948	21
949	21
950	21
951	21
952	21
953	21
954	21
955	21
956	21
957	21
958	21
959	21
960	21
961	21
962	21
963	21
964	21
965	21
966	21
967	21
968	21
969	21
970	21
971	21
972	21
973	21
974	21
975	21
976	21
977	21
978	21
979	21
980	21
981	21
982	21
983	21
984	21
985	21
986	21
987	21
988	21
989	21
990	21
991	21
992	21
993	21
994	21
995	21
996	21
997	21
998	21
999	21
1000	22
1001	22
1002	22
1003	22
1004	22
1005	22
1006	22
1007	22
1008	22
1009	22
1010	22
1011	22
1012	22
1013	22
1014	22
1015	22
1016	22
1017	22
1018	22
1019	22
1020	22
1021	22
1022	22
1023	22
1024	22
1025	22
1026	22
1027	22
1028	22
1029	22
1030	22
1031	22
1032	22
1033	22
1034	22
1035	22
1036	22
1037	22
1038	22
1039	22
1040	22
1041	22
1042	22
1043	22
1044	22
1045	22
1046	22
1047	22
1048	22
1049	22
1050	22
1051	22
1052	22
1053	22
1054	22
1055	22
1056	22
1057	22
1058	22
1059	22
1060	22
1061	22
1062	22
1063	22
1064	22
1065	22
1066	22
1067	22
1068	22
1069	22
1070	22
1071	22
1072	22
1073	22
1074	22
1075	22
1076	22
1077	22
1078	22
1079	22
1080	22
1081	22
1082	22
1083	22
1084	22
1085	23
1086	23
1087	23
1088	23
1089	23
1090	23
1091	23
1092	23
1093	23
1094	23
1095	23
1096	23
1097	23
1098	23
1099	23
1100	23
1101	23
1102	23
1103	23
1104	23
1105	23
1106	23
1107	23
1108	23
1109	23
1110	23
1111	23
1112	23
1113	23
1114	23
1115	23
1116	23
1117	23
1118	23
1119	23
1120	23
1121	23
1122	23
1123	23
1124	23
1125	23
1126	23
1127	23
1128	23
1129	23
1130	23
1131	23
1132	23
1133	23
1134	23
1135	23
1136	23
1137	23
1138	23
1139	23
1140	23
1141	23
1142	23
1143	23
1144	23
1145	23
1146	23
1147	23
1148	23
1149	23
1150	23
1151	23
1152	23
1153	23
1154	23
1155	23
1156	23
1157	23
1158	23
1159	23
1160	23
1161	23
1162	23
1163	23
1164	23
1165	23
1166	23
1167	23
1168	23
1169	23
1170	23
1171	23
1172	23
1173	23
1174	23
1175	23
1176	23
1177	23
1178	23
1179	23
1180	23
1181	23
1182	23
1183	23
1184	23
1185	23
1186	23
1187	23
1188	23
1189	23
1190	23
1191	23
1192	23
1193	23
1194	23
1195	24
1196	24
1197	24
1198	24
1199	24
1200	24
1201	24
1202	24
1203	24
1204	24
1205	24
1206	24
1207	24
1208	24
1209	24
1210	24
1211	24
1212	24
1213	24
1214	24
1215	24
1216	24
1217	24
1218	24
1219	24
1220	24
1221	24
1222	24
1223	24
1224	24
1225	24
1226	24
1227	24
1228	24
1229	24
1230	24
1231	24
1232	24
1233	24
1234	24
1235	24
1236	24
1237	24
1238	24
1239	24
1240	24
1241	24
1242	24
1243	24
1244	24
1245	24
1246	24
1247	24
1248	24
1249	24
1250	24
1251	24
1252	24
1253	24
1254	24
1255	24
1256	24
1257	24
1258	24
1259	24
1260	24
1261	24
1262	24
1263	24
1264	24
1265	24
1266	24
1267	24
1268	24
1269	24
1270	24
1271	24
1272	24
1273	24
1274	24
1275	24
1276	24
1277	24
1278	24
1279	24
1280	24
1281	24
1282	24
1283	24
1284	24
1285	24
1286	24
1287	24
1288	24
1289	24
1290	24
1291	24
1292	24
1293	24
1294	24
1295	24
1296	24
1297	24
1298	24
1299	24
1300	24
1301	24
1302	24
1303	24
1304	24
1305	24
1306	24
1307	24
1308	24
1309	24
1310	24
1311	24
1312	24
1313	24
1314	24
1315	24
1316	24
1317	24
1318	24
1319	24
1320	24
1321	24
1322	24
1323	24
1324	24
1325	24
1326	24
1327	24
1328	24
1329	24
1330	24
1331	24
1332	24
1333	24
1334	24
1335	24
1336	24
1337	24
1338	24
1339	24
1340	24
1341	24
1342	24
1343	24
1344	24
1345	24
1346	24
1347	24
1348	24
1349	24
1350	24
1351	24
1352	24
1353	24
1354	24
1355	24
1356	24
1357	24
1358	24
1359	24
1360	24
1361	24
1362	24
1363	24
1364	24
1365	24
1366	24
1367	24
1368	24
1369	24
1370	24
1371	24
1372	24
1373	24
1374	24
1375	24
1376	24
1377	24
1378	24
1379	24
1380	24
1381	24
1382	24
1383	24
1384	24
1385	24
1386	24
1387	24
1388	24
1389	24
1390	24
1391	24
1392	24
1393	24
1394	24
1395	24
1396	24
1397	24
1398	24
1399	24
1400	24
1401	24
1402	24
1403	24
1404	24
1405	24
1406	24
1407	24
1408	24
1409	24
1410	24
1411	24
1412	24
1413	24
1414	24
1415	24
1416	24
1417	24
1418	24
1419	24
1420	24
1421	24
1422	24
1423	24
1424	24
1425	24
1426	24
1427	24
1428	24
1429	24
1430	24
1431	24
1432	24
1433	24
1434	24
1435	24
1436	24
1437	24
1438	24
1439	24
1440	24
1441	24
1442	24
1443	24
1444	24
1445	24
1446	24
1447	24
1448	24
1449	24
1450	24
1451	24
1452	24
1453	24
1454	25
1455	25
1456	25
1457	25
1458	25
1459	25
1460	25
1461	25
1462	25
1463	25
1464	25
1465	25
1466	25
1467	25
1468	25
1469	25
1470	25
1471	25
1472	25
1473	25
1474	25
1475	25
1476	25
1477	25
1478	25
1479	25
1480	25
1481	25
1482	25
1483	25
1484	25
1485	25
1486	25
1487	25
1488	25
1489	25
1490	25
1491	25
1492	25
1493	25
1494	25
1495	25
1496	25
1497	25
1498	25
1499	25
1500	25
1501	25
1502	25
1503	26
1504	26
1505	26
1506	26
1507	26
1508	26
1509	26
1510	26
1511	26
1512	26
1513	26
1514	26
1515	26
1516	26
1517	26
1518	26
1519	26
1520	26
1521	26
1522	26
1523	26
1524	26
1525	26
1526	26
1527	26
1528	26
1529	26
1530	26
1531	26
1532	26
1533	26
1534	26
1535	26
1536	26
1537	26
1538	26
1539	26
1540	26
1541	27
1542	27
1543	27
1544	27
1545	27
1546	27
1547	27
1548	27
1549	27
1550	27
1551	27
1552	27
1553	27
1554	27
1555	27
1556	27
1557	27
1558	27
1559	27
1560	27
1561	27
1562	27
1563	27
1564	27
1565	27
1566	27
1567	27
1568	27
1569	27
1570	27
1571	27
1572	27
1573	27
1574	27
1575	27
1576	27
1577	27
1578	27
1579	27
1580	27
1581	27
1582	27
1583	27
1584	27
1585	27
1586	27
1587	27
1588	27
1589	27
1590	27
1591	27
1592	27
1593	27
1594	27
1595	27
1596	27
1597	27
1598	27
1599	27
1600	27
1601	27
1602	27
1603	27
1604	27
1605	27
1606	27
1607	27
1608	27
1609	27
1610	27
1611	27
1612	27
1613	27
1614	27
1615	27
1616	27
1617	27
1618	27
1619	27
1620	27
1621	27
1622	27
1623	27
1624	27
1625	27
1626	27
1627	27
1628	27
1629	27
1630	27
1631	27
1632	27
1633	27
1634	27
1635	27
1636	27
1637	27
1638	27
1639	27
1640	27
1641	28
1642	28
1643	28
1644	28
1645	28
1646	28
1647	28
1648	28
1649	28
1650	28
1651	28
1652	28
1653	28
1654	28
1655	28
1656	28
1657	28
1658	28
1659	28
1660	28
1661	28
1662	28
1663	28
1664	28
1665	28
1666	28
1667	28
1668	28
1669	28
1670	28
1671	28
1672	28
1673	28
1674	28
1675	28
1676	28
1677	28
1678	28
1679	28
1680	28
1681	28
1682	28
1683	28
1684	28
1685	28
1686	28
1687	28
1688	28
1689	28
1690	28
1691	28
1692	29
1693	29
1694	29
1695	29
1696	29
1697	29
1698	29
1699	29
1700	29
1701	29
1702	29
1703	29
1704	29
1705	29
1706	29
1707	29
1708	29
1709	29
1710	29
1711	29
1712	29
1713	29
1714	29
1715	29
1716	29
1717	29
1718	29
1719	29
1720	29
1721	29
1722	29
1723	29
1724	29
1725	29
1726	29
1727	29
1728	29
1729	29
1730	29
1731	29
1732	29
1733	29
1734	29
1735	29
1736	29
1737	29
1738	29
1739	29
1740	29
1741	29
1742	29
1743	29
1744	29
1745	29
1746	29
1747	29
1748	29
1749	29
1750	29
1751	29
1752	29
1753	29
1754	29
1755	29
1756	29
1757	29
1758	29
1759	29
1760	29
1761	29
1762	29
1763	29
1764	29
1765	29
1766	29
1767	29
1768	29
1769	29
1770	29
1771	29
1772	29
1773	29
1774	29
1775	29
1776	29
1777	29
1778	29
1779	29
1780	29
1781	29
1782	29
1783	29
1784	29
1785	29
1786	29
1787	29
1788	29
1789	29
1790	29
1791	29
1792	29
1793	29
1794	29
1795	29
1796	29
1797	29
1798	29
1799	29
1800	29
1801	29
1802	29
1803	29
1804	29
1805	29
1806	29
1807	29
1808	29
1809	29
1810	29
1811	29
1812	29
1813	29
1814	29
1815	29
1816	29
1817	29
1818	29
1819	29
1820	29
1821	29
1822	29
1823	29
1824	29
1825	29
1826	29
1827	29
1828	29
1829	29
1830	29
1831	29
1832	29
1833	29
1834	29
1835	29
1836	29
1837	29
1838	29
1839	29
1840	29
1841	29
1842	29
1843	29
1844	29
1845	29
1846	29
1847	29
1848	29
1849	29
1850	29
1851	29
1852	29
1853	29
1854	29
1855	29
1856	29
1857	29
1858	29
1859	29
1860	29
1861	29
1862	29
1863	29
1864	29
1865	29
1866	29
1867	29
1868	29
1869	29
1870	29
1871	29
1872	29
1873	29
1874	29
1875	29
1876	29
1877	29
1878	29
1879	29
1880	29
1881	29
1882	29
1883	29
1884	29
1885	29
1886	29
1887	29
1888	29
1889	30
1890	30
1891	30
1892	30
1893	30
1894	30
1895	30
1896	30
1897	30
1898	30
1899	30
1900	30
1901	30
1902	30
1903	30
1904	30
1905	30
1906	30
1907	30
1908	30
1909	30
1910	30
1911	30
1912	30
1913	30
1914	30
1915	30
1916	30
1917	30
1918	30
1919	30
1920	30
1921	30
1922	30
1923	30
1924	30
1925	30
1926	30
1927	30
1928	30
1929	31
1930	31
1931	31
1932	31
1933	31
1934	31
1935	31
1936	31
1937	31
1938	31
1939	31
1940	31
1941	31
1942	31
1943	31
1944	31
1945	31
1946	31
1947	31
1948	31
1949	31
1950	31
1951	31
1952	31
1953	31
1954	31
1955	31
1956	31
1957	31
1958	31
1959	31
1960	31
1961	31
1962	31
1963	31
1964	31
1965	31
1966	31
1967	31
1968	31
1969	31
1970	31
1971	31
1972	31
1973	31
1974	31
1975	31
1976	31
1977	31
1978	31
1979	31
1980	31
1981	31
1982	31
1983	31
1984	31
1985	31
1986	31
1987	31
1988	31
1989	31
1990	31
1991	31
1992	31
1993	31
1994	31
1995	31
1996	31
1997	31
1998	31
1999	31
2000	31
2001	31
2002	31
2003	31
2004	31
2005	31
2006	32
2007	32
2008	32
2009	32
2010	32
2011	32
2012	32
2013	32
2014	32
2015	32
2016	32
2017	32
2018	32
2019	32
2020	32
2021	32
2022	32
2023	32
2024	32
2025	32
2026	32
2027	32
2028	32
2029	32
2030	32
2031	32
2032	32
2033	32
2034	32
2035	32
2036	32
2037	32
2038	32
2039	32
2040	32
2041	33
2042	33
2043	33
2044	33
2045	33
2046	33
2047	33
2048	33
2049	34
2050	34
2051	34
2052	34
2053	34
2054	34
2055	34
2056	34
2057	34
2058	34
2059	34
2060	34
2061	35
2062	35
2063	35
2064	35
2065	35
2066	35
2067	35
2068	35
2069	35
2070	35
2071	35
2072	35
2073	35
2074	35
2075	35
2076	35
2077	35
2078	35
2079	35
2080	35
2081	35
2082	35
2083	35
2084	35
2085	35
2086	35
2087	35
2088	35
2089	35
2090	35
2091	35
2092	35
2093	35
2094	35
2095	35
2096	35
2097	35
2098	35
2099	35
2100	35
2101	35
2102	35
2103	35
2104	35
2105	35
2106	35
2107	35
2108	35
2109	35
2110	35
2111	35
2112	35
2113	35
2114	35
2115	35
2116	35
2117	35
2118	35
2119	35
2120	35
2121	35
2122	35
2123	35
2124	35
2125	35
2126	35
2127	35
2128	35
2129	35
2130	35
2131	35
2132	35
2133	35
2134	35
2135	35
2136	35
2137	35
2138	35
2139	35
2140	35
2141	35
2142	35
2143	35
2144	35
2145	35
2146	35
2147	35
2148	35
2149	35
2150	35
2151	36
2152	36
2153	36
2154	36
2155	36
2156	36
2157	36
2158	36
2159	36
2160	36
2161	36
2162	36
2163	36
2164	36
2165	36
2166	36
2167	36
2168	36
2169	36
2170	36
2171	36
2172	36
2173	36
2174	36
2175	36
2176	36
2177	36
2178	36
2179	36
2180	36
2181	36
2182	36
2183	36
2184	36
2185	36
2186	36
2187	36
2188	36
2189	36
2190	36
2191	36
2192	36
2193	36
2194	36
2195	36
2196	36
2197	36
2198	36
2199	36
2200	36
2201	36
2202	36
2203	36
2204	36
2205	36
2206	36
2207	36
2208	36
2209	36
2210	36
2211	36
2212	36
2213	36
2214	36
2215	36
2216	36
2217	36
2218	36
2219	36
2220	36
2221	36
2222	36
2223	36
2224	36
2225	36
2226	36
2227	36
2228	36
2229	36
2230	36
2231	36
2232	36
2233	36
2234	36
2235	36
2236	36
2237	36
2238	36
2239	36
2240	36
2241	36
2242	36
2243	36
2244	36
2245	36
2246	36
2247	36
2248	36
2249	36
2250	36
2251	36
2252	36
2253	36
2254	36
2255	36
2256	36
2257	36
2258	36
2259	36
2260	36
2261	36
2262	36
2263	36
2264	36
2265	36
2266	36
2267	36
2268	36
2269	36
2270	36
2271	36
2272	36
2273	36
2274	36
2275	36
2276	36
2277	36
2278	36
2279	36
2280	36
2281	37
2282	37
2283	37
2284	37
2285	37
2286	37
2287	37
2288	37
2289	37
2290	37
2291	37
2292	37
2293	37
2294	37
2295	37
2296	37
2297	37
2298	37
2299	37
2300	37
2301	38
2302	38
2303	38
2304	38
2305	38
2306	38
2307	38
2308	38
2309	38
2310	38
2311	38
2312	38
2313	38
2314	38
2315	39
2316	39
2317	39
2318	39
2319	39
2320	39
2321	39
2322	39
2323	39
2324	39
2325	39
2326	39
2327	39
2328	39
2329	39
2330	39
2331	39
2332	39
2333	39
2334	39
2335	39
2336	39
2337	39
2338	39
2339	39
2340	39
2341	39
2342	39
2343	39
2344	39
2345	39
2346	39
2347	39
2348	39
2349	39
2350	39
2351	39
2352	39
2353	39
2354	39
2355	39
2356	39
2357	39
2358	39
2359	39
2360	39
2361	39
2362	39
2363	39
2364	39
2365	39
2366	39
2367	39
2368	39
2369	39
2370	39
2371	39
2372	39
2373	39
2374	39
2375	39
2376	39
2377	39
2378	39
2379	39
2380	39
2381	39
2382	39
2383	39
2384	39
2385	39
2386	39
2387	39
2388	39
2389	39
2390	39
2391	39
2392	39
2393	39
2394	39
2395	39
2396	39
2397	39
2398	39
2399	39
2400	39
2401	39
2402	39
2403	39
2404	39
2405	39
2406	39
2407	39
2408	39
2409	39
2410	39
2411	39
2412	39
2413	39
2414	39
2415	40
2416	40
2417	40
2418	40
2419	40
2420	40
2421	40
2422	40
2423	40
2424	40
2425	40
2426	40
2427	40
2428	40
2429	40
2430	40
2431	40
2432	40
2433	40
2434	40
2435	40
2436	40
2437	40
2438	40
2439	40
2440	40
2441	40
2442	40
2443	40
2444	40
2445	40
2446	40
2447	40
2448	40
2449	40
2450	40
2451	40
2452	40
2453	40
2454	40
2455	40
2456	40
2457	40
2458	40
2459	40
2460	40
2461	40
2462	40
2463	40
2464	40
2465	40
2466	40
2467	40
2468	40
2469	40
2470	40
2471	40
2472	40
2473	40
2474	40
2475	40
2476	40
2477	40
2478	40
2479	40
2480	40
2481	40
2482	40
2483	40
2484	40
2485	40
2486	40
2487	40
2488	40
2489	40
2490	40
2491	40
2492	40
2493	40
2494	40
2495	40
2496	40
2497	40
2498	40
2499	40
2500	40
2501	40
2502	40
2503	40
2504	40
2505	40
2506	40
2507	40
2508	40
2509	40
2510	40
2511	40
2512	40
2513	40
2514	40
2515	40
2516	40
2517	40
2518	40
2519	40
2520	40
2521	40
2522	40
2523	40
2524	40
2525	40
2526	40
2527	40
2528	40
2529	40
2530	40
2531	40
2532	40
2533	40
2534	40
2535	40
2536	40
2537	40
2538	40
2539	40
2540	40
2541	40
2542	40
2543	40
2544	40
2545	40
2546	40
2547	40
2548	40
2549	40
2550	40
2551	40
2552	40
2553	40
2554	40
2555	40
2556	40
2557	40
2558	40
2559	40
2560	40
2561	40
2562	40
2563	40
2564	40
2565	40
2566	40
2567	40
2568	40
2569	40
2570	40
2571	40
2572	40
2573	40
2574	40
2575	40
2576	40
2577	40
2578	40
2579	40
2580	40
2581	40
2582	40
2583	40
2584	40
2585	40
2586	40
2587	40
2588	41
2589	41
2590	41
2591	41
2592	41
2593	41
2594	41
2595	41
2596	41
2597	41
2598	41
2599	41
2600	41
2601	41
2602	41
2603	41
2604	41
2605	41
2606	41
2607	41
2608	41
2609	41
2610	41
2611	41
