1	1
2	1
3	1
4	1
5	1
6	1
7	1
8	1
9	1
10	1
11	1
12	1
13	1
14	2
15	2
16	2
17	2
18	2
19	2
20	3
21	3
22	3
23	3
24	3
25	3
26	3
27	3
28	4
29	4
30	4
31	4
32	4
33	4
34	4
35	4
36	4
37	4
38	4
39	4
40	5
41	5
42	5
43	5
44	5
45	5
46	6
47	6
48	6
49	7
50	7
51	7
52	7
53	7
54	7
55	7
56	7
57	7
58	7
59	7
60	8
61	8
62	8
63	8
64	9
65	9
66	9
67	9
68	9
69	9
70	9
71	9
72	9
73	9
74	9
75	9
76	9
77	9
78	9
79	10
80	10
81	11
82	11
83	11
84	11
85	11
86	11
87	11
88	12
89	12
90	12
91	12
92	13
93	13
94	13
95	13
96	13
97	13
98	14
99	14
100	15
101	15
102	15
103	16
104	16
105	16
106	16
107	16
108	16
109	16
110	16
111	16
112	16
113	16
114	16
115	16
116	16
117	16
118	16
119	17
120	17
121	17
122	17
123	17
124	17
125	17
126	17
127	17
128	17
129	17
130	17
131	17
132	17
133	18
134	18
135	18
136	18
137	18
138	18
139	18
140	18
141	18
142	18
143	18
144	18
145	18
146	18
147	18
148	18
149	18
150	18
151	18
152	18
153	19
154	19
155	19
156	19
157	19
158	19
159	19
160	19
161	19
162	19
163	19
164	19
165	19
166	19
167	19
168	19
169	19
170	19
171	19
172	19
173	19
174	19
175	19
176	19
177	19
178	19
179	20
180	20
181	20
182	20
183	20
184	20
185	20
186	20
187	20
188	20
189	20
190	20
191	20
192	20
193	20
194	20
195	20
196	21
197	21
198	21
199	21
200	21
201	21
202	21
203	21
204	21
205	21
206	21
207	21
208	22
209	22
210	22
211	22
212	22
213	22
214	22
215	22
216	22
217	22
218	22
219	22
220	22
221	22
222	22
223	22
224	22
225	23
226	23
227	23
228	23
229	23
230	23
231	23
232	23
233	23
234	23
235	23
236	23
237	23
238	23
239	23
240	23
241	23
242	23
243	23
244	23
245	23
246	23
247	24
248	24
249	24
250	24
251	24
252	24
253	24
254	24
255	24
256	24
257	24
258	24
259	24
260	24
261	24
262	24
263	24
264	24
265	24
266	24
267	24
268	24
269	24
270	24
271	24
272	24
273	24
274	24
275	24
276	24
277	24
278	24
279	24
280	24
281	24
282	24
283	24
284	24
285	24
286	24
287	24
288	24
289	24
290	24
291	24
292	24
293	24
294	24
295	24
296	24
297	24
298	24
299	25
300	25
301	25
302	25
303	25
304	25
305	25
306	25
307	25
308	25
309	26
310	26
311	26
312	26
313	26
314	26
315	26
316	26
317	27
318	27
319	27
320	27
321	27
322	27
323	27
324	27
325	27
326	27
327	27
328	27
329	27
330	27
331	27
332	27
333	27
334	27
335	27
336	27
337	28
338	28
339	28
340	28
341	28
342	28
343	28
344	28
345	28
346	28
347	28
348	29
349	29
350	29
351	29
352	29
353	29
354	29
355	29
356	29
357	29
358	29
359	29
360	29
361	29
362	29
363	29
364	29
365	29
366	29
367	29
368	29
369	29
370	29
371	29
372	29
373	29
374	29
375	29
376	29
377	29
378	29
379	29
380	29
381	29
382	29
383	29
384	29
385	29
386	29
387	29
388	30
389	30
390	30
391	30
392	30
393	30
394	30
395	30
396	31
397	31
398	31
399	31
400	31
401	31
402	31
403	31
404	31
405	31
406	31
407	31
408	31
409	31
410	31
411	31
412	32
413	32
414	32
415	32
416	32
417	32
418	32
419	33
420	33
421	34
422	34
423	34
424	35
425	35
426	35
427	35
428	35
429	35
430	35
431	35
432	35
433	35
434	35
435	35
436	35
437	35
438	35
439	35
440	35
441	35
442	36
443	36
444	36
445	36
446	36
447	36
448	36
449	36
450	36
451	36
452	36
453	36
454	36
455	36
456	36
457	36
458	36
459	36
460	36
461	36
462	36
463	36
464	36
465	36
466	36
467	36
468	37
469	37
470	37
471	37
472	38
473	38
474	38
475	39
476	39
477	39
478	39
479	39
480	39
481	39
482	39
483	39
484	39
485	39
486	39
487	39
488	39
489	39
490	39
491	39
492	39
493	39
494	39
495	40
496	40
497	40
498	40
499	40
500	40
501	40
502	40
503	40
504	40
505	40
506	40
507	40
508	40
509	40
510	40
511	40
512	40
513	40
514	40
515	40
516	40
517	40
518	40
519	40
520	40
521	40
522	40
523	40
524	40
525	40
526	40
527	40
528	40
529	40
530	41
531	41
532	41
533	41
534	41