1	1
2	1
3	1
4	1
5	1
6	1
7	1
8	1
9	1
10	1
11	1
12	1
13	1
14	1
15	1
16	1
17	1
18	1
19	1
20	1
21	1
22	1
23	1
24	1
25	1
26	1
27	1
28	1
29	1
30	1
31	1
32	1
33	1
34	1
35	1
36	1
37	1
38	1
39	1
40	1
41	1
42	1
43	1
44	1
45	1
46	1
47	1
48	1
49	1
50	1
51	1
52	2
53	2
54	2
55	2
56	2
57	2
58	2
59	2
60	2
61	2
62	2
63	2
64	2
65	2
66	2
67	2
68	2
69	2
70	2
71	2
72	2
73	2
74	2
75	3
76	3
77	3
78	3
79	3
80	3
81	3
82	3
83	3
84	3
85	3
86	3
87	3
88	3
89	3
90	3
91	3
92	3
93	3
94	3
95	3
96	3
97	3
98	3
99	3
100	3
101	3
102	3
103	3
104	3
105	3
106	3
107	4
108	4
109	4
110	4
111	4
112	4
113	4
114	4
115	4
116	4
117	4
118	4
119	4
120	4
121	4
122	4
123	4
124	4
125	4
126	4
127	4
128	4
129	4
130	4
131	4
132	4
133	4
134	4
135	4
136	4
137	4
138	4
139	4
140	4
141	4
142	4
143	4
144	4
145	4
146	4
147	4
148	4
149	4
150	4
151	5
152	5
153	5
154	5
155	5
156	5
157	5
158	5
159	5
160	5
161	5
162	5
163	5
164	5
165	5
166	5
167	5
168	5
169	5
170	5
171	5
172	5
173	5
174	5
175	6
176	6
177	6
178	6
179	6
180	6
181	6
182	6
183	6
184	7
185	7
186	7
187	7
188	7
189	7
190	7
191	7
192	7
193	7
194	7
195	7
196	7
197	7
198	7
199	7
200	7
201	7
202	7
203	7
204	7
205	7
206	7
207	7
208	7
209	7
210	7
211	7
212	7
213	7
214	7
215	7
216	7
217	7
218	7
219	7
220	7
221	7
222	7
223	7
224	7
225	8
226	8
227	8
228	8
229	8
230	8
231	8
232	8
233	8
234	8
235	8
236	8
237	8
238	9
239	9
240	9
241	9
242	9
243	9
244	9
245	9
246	9
247	9
248	9
249	9
250	9
251	9
252	9
253	9
254	9
255	9
256	9
257	9
258	9
259	9
260	9
261	9
262	9
263	9
264	9
265	9
266	9
267	9
268	9
269	9
270	9
271	9
272	9
273	9
274	9
275	9
276	9
277	9
278	9
279	9
280	9
281	9
282	9
283	9
284	9
285	9
286	9
287	9
288	9
289	9
290	9
291	9
292	9
293	9
294	9
295	9
296	9
297	10
298	10
299	10
300	10
301	10
302	10
303	11
304	11
305	11
306	11
307	11
308	11
309	11
310	11
311	11
312	11
313	11
314	11
315	11
316	11
317	11
318	11
319	11
320	11
321	11
322	11
323	11
324	11
325	11
326	11
327	11
328	12
329	12
330	12
331	12
332	12
333	12
334	12
335	12
336	12
337	12
338	12
339	12
340	12
341	12
342	12
343	12
344	13
345	13
346	13
347	13
348	13
349	13
350	13
351	13
352	13
353	13
354	13
355	13
356	13
357	13
358	13
359	13
360	13
361	13
362	13
363	13
364	13
365	13
366	14
367	14
368	14
369	14
370	14
371	14
372	14
373	15
374	15
375	15
376	15
377	15
378	15
379	15
380	15
381	15
382	16
383	16
384	16
385	16
386	16
387	16
388	16
389	16
390	16
391	16
392	16
393	16
394	16
395	16
396	16
397	16
398	16
399	16
400	16
401	16
402	16
403	16
404	16
405	16
406	16
407	16
408	16
409	16
410	16
411	16
412	16
413	16
414	16
415	16
416	16
417	16
418	16
419	16
420	16
421	16
422	16
423	16
424	16
425	16
426	16
427	16
428	16
429	16
430	16
431	16
432	16
433	16
434	16
435	16
436	16
437	16
438	16
439	16
440	16
441	16
442	16
443	16
444	16
445	16
446	17
447	17
448	17
449	17
450	17
451	17
452	17
453	17
454	17
455	17
456	17
457	17
458	17
459	17
460	17
461	17
462	17
463	17
464	17
465	17
466	17
467	17
468	17
469	17
470	17
471	17
472	17
473	17
474	17
475	17
476	17
477	17
478	17
479	17
480	17
481	17
482	17
483	17
484	17
485	17
486	17
487	17
488	17
489	17
490	17
491	17
492	17
493	17
494	17
495	17
496	17
497	17
498	17
499	18
500	18
501	18
502	18
503	18
504	18
505	18
506	18
507	18
508	18
509	18
510	18
511	18
512	18
513	18
514	18
515	18
516	18
517	18
518	18
519	18
520	18
521	18
522	18
523	18
524	18
525	18
526	18
527	18
528	18
529	18
530	18
531	18
532	18
533	18
534	18
535	18
536	18
537	18
538	18
539	18
540	18
541	18
542	18
543	18
544	18
545	18
546	18
547	18
548	18
549	18
550	18
551	18
552	18
553	18
554	18
555	18
556	18
557	18
558	18
559	18
560	18
561	18
562	18
563	18
564	18
565	18
566	18
567	18
568	18
569	18
570	18
571	18
572	18
573	18
574	18
575	18
576	18
577	18
578	19
579	19
580	19
581	19
582	19
583	19
584	19
585	19
586	19
587	19
588	19
589	19
590	19
591	19
592	19
593	19
594	19
595	19
596	19
597	19
598	19
599	19
600	19
601	19
602	19
603	19
604	19
605	19
606	19
607	19
608	19
609	19
610	19
611	19
612	19
613	19
614	19
615	19
616	19
617	19
618	19
619	19
620	19
621	19
622	19
623	19
624	19
625	19
626	19
627	19
628	19
629	19
630	19
631	19
632	19
633	19
634	19
635	19
636	19
637	19
638	19
639	19
640	19
641	19
642	19
643	19
644	19
645	19
646	19
647	19
648	19
649	19
650	19
651	19
652	19
653	19
654	19
655	19
656	19
657	19
658	19
659	19
660	19
661	19
662	19
663	19
664	19
665	19
666	19
667	19
668	19
669	19
670	19
671	19
672	19
673	19
674	19
675	19
676	19
677	19
678	19
679	19
680	20
681	20
682	20
683	20
684	20
685	20
686	20
687	20
688	20
689	20
690	20
691	20
692	20
693	20
694	20
695	20
696	20
697	20
698	20
699	20
700	20
701	20
702	20
703	20
704	20
705	20
706	20
707	20
708	20
709	20
710	20
711	20
712	20
713	20
714	20
715	20
716	20
717	20
718	20
719	20
720	20
721	20
722	20
723	20
724	20
725	20
726	20
727	20
728	20
729	20
730	20
731	20
732	20
733	20
734	20
735	20
736	20
737	20
738	20
739	20
740	20
741	20
742	20
743	20
744	20
745	20
746	20
747	20
748	21
749	21
750	21
751	21
752	21
753	21
754	21
755	21
756	21
757	21
758	21
759	21
760	21
761	21
762	21
763	21
764	21
765	21
766	21
767	21
768	21
769	21
770	21
771	21
772	21
773	21
774	21
775	21
776	21
777	21
778	21
779	21
780	21
781	21
782	21
783	21
784	21
785	21
786	21
787	21
788	21
789	21
790	21
791	21
792	21
793	22
794	22
795	22
796	22
797	22
798	22
799	22
800	22
801	22
802	22
803	22
804	22
805	22
806	22
807	22
808	22
809	22
810	22
811	22
812	22
813	22
814	22
815	22
816	22
817	22
818	22
819	22
820	22
821	22
822	22
823	22
824	22
825	22
826	22
827	22
828	22
829	22
830	22
831	22
832	22
833	22
834	22
835	22
836	22
837	22
838	22
839	22
840	22
841	22
842	22
843	22
844	22
845	22
846	22
847	22
848	22
849	22
850	22
851	22
852	22
853	22
854	22
855	22
856	22
857	22
858	22
859	22
860	22
861	23
862	23
863	23
864	23
865	23
866	23
867	23
868	23
869	23
870	23
871	23
872	23
873	23
874	23
875	23
876	23
877	23
878	23
879	23
880	23
881	23
882	23
883	23
884	23
885	23
886	23
887	23
888	23
889	23
890	23
891	23
892	23
893	23
894	23
895	23
896	23
897	23
898	23
899	23
900	23
901	23
902	23
903	23
904	23
905	23
906	23
907	23
908	23
909	23
910	23
911	23
912	23
913	23
914	23
915	23
916	23
917	23
918	23
919	23
920	23
921	23
922	23
923	23
924	23
925	23
926	23
927	23
928	23
929	23
930	23
931	23
932	23
933	23
934	23
935	23
936	23
937	23
938	23
939	23
940	23
941	23
942	23
943	23
944	23
945	23
946	23
947	23
948	23
949	24
950	24
951	24
952	24
953	24
954	24
955	24
956	24
957	24
958	24
959	24
960	24
961	24
962	24
963	24
964	24
965	24
966	24
967	24
968	24
969	24
970	24
971	24
972	24
973	24
974	24
975	24
976	24
977	24
978	24
979	24
980	24
981	24
982	24
983	24
984	24
985	24
986	24
987	24
988	24
989	24
990	24
991	24
992	24
993	24
994	24
995	24
996	24
997	24
998	24
999	24
1000	24
1001	24
1002	24
1003	24
1004	24
1005	24
1006	24
1007	24
1008	24
1009	24
1010	24
1011	24
1012	24
1013	24
1014	24
1015	24
1016	24
1017	24
1018	24
1019	24
1020	24
1021	24
1022	24
1023	24
1024	24
1025	24
1026	24
1027	24
1028	24
1029	24
1030	24
1031	24
1032	24
1033	24
1034	24
1035	24
1036	24
1037	24
1038	24
1039	24
1040	24
1041	24
1042	24
1043	24
1044	24
1045	24
1046	24
1047	24
1048	24
1049	24
1050	24
1051	24
1052	24
1053	24
1054	24
1055	24
1056	24
1057	24
1058	24
1059	24
1060	24
1061	24
1062	24
1063	24
1064	24
1065	24
1066	24
1067	24
1068	24
1069	24
1070	24
1071	24
1072	24
1073	24
1074	24
1075	24
1076	24
1077	24
1078	24
1079	24
1080	24
1081	24
1082	24
1083	24
1084	24
1085	24
1086	24
1087	24
1088	24
1089	24
1090	24
1091	24
1092	24
1093	24
1094	24
1095	24
1096	24
1097	24
1098	24
1099	24
1100	24
1101	24
1102	24
1103	24
1104	24
1105	24
1106	24
1107	24
1108	24
1109	24
1110	24
1111	24
1112	24
1113	24
1114	24
1115	24
1116	24
1117	24
1118	24
1119	24
1120	24
1121	24
1122	24
1123	24
1124	24
1125	24
1126	24
1127	24
1128	24
1129	24
1130	24
1131	24
1132	24
1133	24
1134	24
1135	24
1136	24
1137	24
1138	24
1139	24
1140	24
1141	24
1142	24
1143	24
1144	24
1145	24
1146	24
1147	24
1148	24
1149	24
1150	24
1151	24
1152	24
1153	24
1154	24
1155	24
1156	25
1157	25
1158	25
1159	25
1160	25
1161	25
1162	25
1163	25
1164	25
1165	25
1166	25
1167	25
1168	25
1169	25
1170	25
1171	25
1172	25
1173	25
1174	25
1175	25
1176	25
1177	25
1178	25
1179	25
1180	25
1181	25
1182	25
1183	25
1184	25
1185	25
1186	25
1187	25
1188	25
1189	25
1190	25
1191	25
1192	25
1193	25
1194	25
1195	26
1196	26
1197	26
1198	26
1199	26
1200	26
1201	26
1202	26
1203	26
1204	26
1205	26
1206	26
1207	26
1208	26
1209	26
1210	26
1211	26
1212	26
1213	26
1214	26
1215	26
1216	26
1217	26
1218	26
1219	26
1220	26
1221	26
1222	26
1223	26
1224	26
1225	27
1226	27
1227	27
1228	27
1229	27
1230	27
1231	27
1232	27
1233	27
1234	27
1235	27
1236	27
1237	27
1238	27
1239	27
1240	27
1241	27
1242	27
1243	27
1244	27
1245	27
1246	27
1247	27
1248	27
1249	27
1250	27
1251	27
1252	27
1253	27
1254	27
1255	27
1256	27
1257	27
1258	27
1259	27
1260	27
1261	27
1262	27
1263	27
1264	27
1265	27
1266	27
1267	27
1268	27
1269	27
1270	27
1271	27
1272	27
1273	27
1274	27
1275	27
1276	27
1277	27
1278	27
1279	27
1280	27
1281	27
1282	27
1283	27
1284	27
1285	27
1286	27
1287	27
1288	27
1289	27
1290	27
1291	27
1292	27
1293	27
1294	27
1295	27
1296	27
1297	27
1298	27
1299	27
1300	27
1301	27
1302	27
1303	27
1304	27
1305	28
1306	28
1307	28
1308	28
1309	28
1310	28
1311	28
1312	28
1313	28
1314	28
1315	28
1316	28
1317	28
1318	28
1319	28
1320	28
1321	28
1322	28
1323	28
1324	28
1325	28
1326	28
1327	28
1328	28
1329	28
1330	28
1331	28
1332	28
1333	28
1334	28
1335	28
1336	28
1337	28
1338	28
1339	28
1340	28
1341	28
1342	28
1343	28
1344	28
1345	29
1346	29
1347	29
1348	29
1349	29
1350	29
1351	29
1352	29
1353	29
1354	29
1355	29
1356	29
1357	29
1358	29
1359	29
1360	29
1361	29
1362	29
1363	29
1364	29
1365	29
1366	29
1367	29
1368	29
1369	29
1370	29
1371	29
1372	29
1373	29
1374	29
1375	29
1376	29
1377	29
1378	29
1379	29
1380	29
1381	29
1382	29
1383	29
1384	29
1385	29
1386	29
1387	29
1388	29
1389	29
1390	29
1391	29
1392	29
1393	29
1394	29
1395	29
1396	29
1397	29
1398	29
1399	29
1400	29
1401	29
1402	29
1403	29
1404	29
1405	29
1406	29
1407	29
1408	29
1409	29
1410	29
1411	29
1412	29
1413	29
1414	29
1415	29
1416	29
1417	29
1418	29
1419	29
1420	29
1421	29
1422	29
1423	29
1424	29
1425	29
1426	29
1427	29
1428	29
1429	29
1430	29
1431	29
1432	29
1433	29
1434	29
1435	29
1436	29
1437	29
1438	29
1439	29
1440	29
1441	29
1442	29
1443	29
1444	29
1445	29
1446	29
1447	29
1448	29
1449	29
1450	29
1451	29
1452	29
1453	29
1454	29
1455	29
1456	29
1457	29
1458	29
1459	29
1460	29
1461	29
1462	29
1463	29
1464	29
1465	29
1466	29
1467	29
1468	29
1469	29
1470	29
1471	29
1472	29
1473	29
1474	29
1475	29
1476	29
1477	29
1478	29
1479	29
1480	29
1481	29
1482	29
1483	29
1484	29
1485	29
1486	29
1487	29
1488	29
1489	29
1490	29
1491	29
1492	29
1493	29
1494	29
1495	29
1496	29
1497	29
1498	29
1499	29
1500	29
1501	29
1502	30
1503	30
1504	30
1505	30
1506	30
1507	30
1508	30
1509	30
1510	30
1511	30
1512	30
1513	30
1514	30
1515	30
1516	30
1517	30
1518	30
1519	30
1520	30
1521	30
1522	30
1523	30
1524	30
1525	30
1526	30
1527	30
1528	30
1529	30
1530	30
1531	30
1532	30
1533	30
1534	31
1535	31
1536	31
1537	31
1538	31
1539	31
1540	31
1541	31
1542	31
1543	31
1544	31
1545	31
1546	31
1547	31
1548	31
1549	31
1550	31
1551	31
1552	31
1553	31
1554	31
1555	31
1556	31
1557	31
1558	31
1559	31
1560	31
1561	31
1562	31
1563	31
1564	31
1565	31
1566	31
1567	31
1568	31
1569	31
1570	31
1571	31
1572	31
1573	31
1574	31
1575	31
1576	31
1577	31
1578	31
1579	31
1580	31
1581	31
1582	31
1583	31
1584	31
1585	31
1586	31
1587	31
1588	31
1589	31
1590	31
1591	31
1592	31
1593	31
1594	31
1595	32
1596	32
1597	32
1598	32
1599	32
1600	32
1601	32
1602	32
1603	32
1604	32
1605	32
1606	32
1607	32
1608	32
1609	32
1610	32
1611	32
1612	32
1613	32
1614	32
1615	32
1616	32
1617	32
1618	32
1619	32
1620	32
1621	32
1622	32
1623	33
1624	33
1625	33
1626	33
1627	33
1628	33
1629	34
1630	34
1631	34
1632	34
1633	34
1634	34
1635	34
1636	34
1637	34
1638	35
1639	35
1640	35
1641	35
1642	35
1643	35
1644	35
1645	35
1646	35
1647	35
1648	35
1649	35
1650	35
1651	35
1652	35
1653	35
1654	35
1655	35
1656	35
1657	35
1658	35
1659	35
1660	35
1661	35
1662	35
1663	35
1664	35
1665	35
1666	35
1667	35
1668	35
1669	35
1670	35
1671	35
1672	35
1673	35
1674	35
1675	35
1676	35
1677	35
1678	35
1679	35
1680	35
1681	35
1682	35
1683	35
1684	35
1685	35
1686	35
1687	35
1688	35
1689	35
1690	35
1691	35
1692	35
1693	35
1694	35
1695	35
1696	35
1697	35
1698	35
1699	35
1700	35
1701	35
1702	35
1703	35
1704	35
1705	35
1706	35
1707	35
1708	35
1709	35
1710	36
1711	36
1712	36
1713	36
1714	36
1715	36
1716	36
1717	36
1718	36
1719	36
1720	36
1721	36
1722	36
1723	36
1724	36
1725	36
1726	36
1727	36
1728	36
1729	36
1730	36
1731	36
1732	36
1733	36
1734	36
1735	36
1736	36
1737	36
1738	36
1739	36
1740	36
1741	36
1742	36
1743	36
1744	36
1745	36
1746	36
1747	36
1748	36
1749	36
1750	36
1751	36
1752	36
1753	36
1754	36
1755	36
1756	36
1757	36
1758	36
1759	36
1760	36
1761	36
1762	36
1763	36
1764	36
1765	36
1766	36
1767	36
1768	36
1769	36
1770	36
1771	36
1772	36
1773	36
1774	36
1775	36
1776	36
1777	36
1778	36
1779	36
1780	36
1781	36
1782	36
1783	36
1784	36
1785	36
1786	36
1787	36
1788	36
1789	36
1790	36
1791	36
1792	36
1793	36
1794	36
1795	36
1796	36
1797	36
1798	36
1799	36
1800	36
1801	36
1802	36
1803	36
1804	36
1805	36
1806	36
1807	36
1808	36
1809	36
1810	36
1811	36
1812	36
1813	36
1814	37
1815	37
1816	37
1817	37
1818	37
1819	37
1820	37
1821	37
1822	37
1823	37
1824	37
1825	37
1826	37
1827	37
1828	37
1829	37
1830	38
1831	38
1832	38
1833	38
1834	38
1835	38
1836	38
1837	38
1838	38
1839	38
1840	38
1841	39
1842	39
1843	39
1844	39
1845	39
1846	39
1847	39
1848	39
1849	39
1850	39
1851	39
1852	39
1853	39
1854	39
1855	39
1856	39
1857	39
1858	39
1859	39
1860	39
1861	39
1862	39
1863	39
1864	39
1865	39
1866	39
1867	39
1868	39
1869	39
1870	39
1871	39
1872	39
1873	39
1874	39
1875	39
1876	39
1877	39
1878	39
1879	39
1880	39
1881	39
1882	39
1883	39
1884	39
1885	39
1886	39
1887	39
1888	39
1889	39
1890	39
1891	39
1892	39
1893	39
1894	39
1895	39
1896	39
1897	39
1898	39
1899	39
1900	39
1901	39
1902	39
1903	39
1904	39
1905	39
1906	39
1907	39
1908	39
1909	39
1910	39
1911	39
1912	39
1913	39
1914	39
1915	39
1916	39
1917	39
1918	39
1919	39
1920	39
1921	40
1922	40
1923	40
1924	40
1925	40
1926	40
1927	40
1928	40
1929	40
1930	40
1931	40
1932	40
1933	40
1934	40
1935	40
1936	40
1937	40
1938	40
1939	40
1940	40
1941	40
1942	40
1943	40
1944	40
1945	40
1946	40
1947	40
1948	40
1949	40
1950	40
1951	40
1952	40
1953	40
1954	40
1955	40
1956	40
1957	40
1958	40
1959	40
1960	40
1961	40
1962	40
1963	40
1964	40
1965	40
1966	40
1967	40
1968	40
1969	40
1970	40
1971	40
1972	40
1973	40
1974	40
1975	40
1976	40
1977	40
1978	40
1979	40
1980	40
1981	40
1982	40
1983	40
1984	40
1985	40
1986	40
1987	40
1988	40
1989	40
1990	40
1991	40
1992	40
1993	40
1994	40
1995	40
1996	40
1997	40
1998	40
1999	40
2000	40
2001	40
2002	40
2003	40
2004	40
2005	40
2006	40
2007	40
2008	40
2009	40
2010	40
2011	40
2012	40
2013	40
2014	40
2015	40
2016	40
2017	40
2018	40
2019	40
2020	40
2021	40
2022	40
2023	40
2024	40
2025	40
2026	40
2027	40
2028	40
2029	40
2030	40
2031	40
2032	40
2033	40
2034	40
2035	40
2036	40
2037	40
2038	40
2039	40
2040	40
2041	40
2042	40
2043	40
2044	40
2045	40
2046	40
2047	40
2048	40
2049	40
2050	40
2051	40
2052	40
2053	40
2054	40
2055	40
2056	40
2057	40
2058	40
2059	41
2060	41
2061	41
2062	41
2063	41
2064	41
2065	41
2066	41
2067	41
2068	41
2069	41
2070	41
2071	41
2072	41
2073	41
2074	41
2075	41
2076	41
2077	41