1	1
2	1
3	1
4	1
5	1
6	1
7	1
8	1
9	1
10	1
11	1
12	1
13	1
14	1
15	1
16	1
17	1
18	1
19	1
20	1
21	1
22	1
23	1
24	1
25	1
26	2
27	2
28	2
29	2
30	2
31	2
32	2
33	2
34	2
35	2
36	2
37	2
38	2
39	2
40	2
41	2
42	2
43	2
44	2
45	2
46	2
47	2
48	2
49	2
50	2
51	2
52	2
53	2
54	2
55	2
56	2
57	2
58	2
59	2
60	2
61	2
62	2
63	2
64	2
65	2
66	2
67	2
68	2
69	2
70	3
71	3
72	3
73	3
74	3
75	3
76	3
77	3
78	3
79	3
80	3
81	3
82	3
83	3
84	3
85	3
86	3
87	3
88	3
89	3
90	3
91	3
92	3
93	3
94	3
95	3
96	4
97	4
98	4
99	4
100	4
101	4
102	4
103	4
104	4
105	4
106	4
107	4
108	4
109	5
110	5
111	5
112	5
113	5
114	5
115	5
116	5
117	5
118	5
119	5
120	5
121	5
122	5
123	5
124	5
125	5
126	5
127	5
128	5
129	5
130	5
131	5
132	5
133	5
134	5
135	5
136	5
137	5
138	5
139	5
140	5
141	5
142	5
143	5
144	5
145	5
146	5
147	5
148	5
149	5
150	5
151	5
152	5
153	5
154	5
155	5
156	5
157	5
158	5
159	5
160	5
161	5
162	5
163	5
164	5
165	5
166	5
167	5
168	5
169	5
170	5
171	5
172	5
173	5
174	5
175	5
176	5
177	5
178	5
179	5
180	6
181	6
182	6
183	6
184	6
185	6
186	6
187	6
188	7
189	7
190	7
191	7
192	7
193	7
194	7
195	7
196	7
197	7
198	7
199	7
200	7
201	7
202	7
203	7
204	7
205	7
206	7
207	7
208	7
209	7
210	7
211	7
212	7
213	7
214	7
215	7
216	7
217	7
218	7
219	7
220	7
221	7
222	7
223	7
224	7
225	7
226	7
227	7
228	7
229	7
230	7
231	7
232	7
233	7
234	7
235	7
236	7
237	7
238	7
239	7
240	7
241	7
242	7
243	7
244	7
245	7
246	7
247	7
248	7
249	7
250	8
251	8
252	8
253	8
254	8
255	8
256	8
257	8
258	8
259	8
260	8
261	8
262	8
263	8
264	8
265	8
266	8
267	8
268	8
269	8
270	8
271	8
272	9
273	9
274	9
275	9
276	9
277	9
278	9
279	9
280	9
281	9
282	9
283	9
284	9
285	9
286	9
287	9
288	9
289	9
290	9
291	9
292	9
293	9
294	9
295	9
296	9
297	9
298	9
299	9
300	9
301	9
302	9
303	9
304	9
305	9
306	9
307	9
308	9
309	9
310	9
311	9
312	9
313	9
314	9
315	9
316	9
317	9
318	9
319	9
320	9
321	9
322	9
323	9
324	9
325	10
326	10
327	10
328	10
329	10
330	10
331	10
332	10
333	10
334	10
335	10
336	10
337	10
338	10
339	10
340	10
341	10
342	11
343	11
344	11
345	11
346	11
347	11
348	11
349	11
350	11
351	11
352	11
353	11
354	11
355	11
356	11
357	11
358	11
359	11
360	11
361	11
362	11
363	11
364	11
365	11
366	11
367	11
368	11
369	11
370	11
371	11
372	11
373	11
374	11
375	11
376	11
377	11
378	11
379	11
380	11
381	11
382	11
383	11
384	11
385	11
386	11
387	11
388	11
389	11
390	11
391	11
392	11
393	11
394	11
395	11
396	11
397	11
398	11
399	11
400	11
401	11
402	11
403	11
404	11
405	11
406	11
407	11
408	11
409	11
410	11
411	11
412	11
413	11
414	11
415	11
416	11
417	11
418	11
419	11
420	11
421	11
422	11
423	11
424	11
425	11
426	11
427	11
428	11
429	11
430	11
431	11
432	11
433	11
434	11
435	11
436	11
437	11
438	11
439	11
440	11
441	11
442	11
443	11
444	11
445	11
446	11
447	11
448	11
449	11
450	11
451	11
452	11
453	11
454	11
455	11
456	11
457	11
458	11
459	11
460	11
461	11
462	11
463	11
464	11
465	12
466	12
467	12
468	12
469	12
470	12
471	12
472	12
473	12
474	12
475	12
476	12
477	12
478	12
479	12
480	12
481	12
482	12
483	12
484	12
485	12
486	12
487	12
488	12
489	12
490	12
491	12
492	12
493	12
494	12
495	12
496	12
497	12
498	12
499	12
500	12
501	12
502	12
503	12
504	12
	
	
	
	
	
	
	
	
	
	
	
	
	
	
	
	
	
	
	
	
	
	
	
	
	
	
	
	
	
	
	
	
	
	
	
	
	
	
	
	
	
	
	
	
	
	
	
	
	
	
	
	
	
	
	
	
	
	
	
	
	
	
	
	
	
	
	
	
	
	
	
	
	
	
	
	
	
	
	
	
	
	
	
	
	
	
	
	
