1	1
2	1
3	1
4	1
5	1
6	1
7	1
8	1
9	1
10	1
11	1
12	1
13	1
14	1
15	1
16	1
17	1
18	1
19	1
20	1
21	1
22	1
23	1
24	1
25	1
26	1
27	1
28	1
29	1
30	1
31	1
32	2
33	2
34	2
35	2
36	2
37	2
38	2
39	2
40	2
41	2
42	2
43	2
44	2
45	2
46	2
47	2
48	2
49	2
50	2
51	2
52	2
53	2
54	2
55	2
56	2
57	2
58	2
59	2
60	2
61	2
62	2
63	2
64	2
65	2
66	2
67	2
68	2
69	2
70	2
71	2
72	2
73	2
74	2
75	2
76	2
77	2
78	2
79	2
80	2
81	2
82	2
83	2
84	2
85	2
86	2
87	3
88	3
89	3
90	3
91	3
92	3
93	3
94	3
95	3
96	3
97	3
98	3
99	3
100	3
101	3
102	3
103	3
104	3
105	3
106	3
107	3
108	3
109	3
110	3
111	3
112	3
113	3
114	3
115	3
116	3
117	3
118	3
119	4
120	4
121	4
122	4
123	4
124	4
125	4
126	4
127	4
128	4
129	4
130	4
131	4
132	4
133	4
134	4
135	5
136	5
137	5
138	5
139	5
140	5
141	5
142	5
143	5
144	5
145	5
146	5
147	5
148	5
149	5
150	5
151	5
152	5
153	5
154	5
155	5
156	5
157	5
158	5
159	5
160	5
161	5
162	5
163	5
164	5
165	5
166	5
167	5
168	5
169	5
170	5
171	5
172	5
173	5
174	5
175	5
176	5
177	5
178	5
179	5
180	5
181	5
182	5
183	5
184	5
185	5
186	5
187	5
188	5
189	5
190	5
191	5
192	5
193	5
194	5
195	5
196	5
197	5
198	5
199	5
200	5
201	5
202	5
203	5
204	5
205	5
206	5
207	5
208	5
209	5
210	5
211	5
212	5
213	5
214	5
215	5
216	5
217	5
218	5
219	5
220	5
221	5
222	5
223	5
224	6
225	6
226	6
227	6
228	6
229	6
230	6
231	6
232	6
233	6
234	7
235	7
236	7
237	7
238	7
239	7
240	7
241	7
242	7
243	7
244	7
245	7
246	7
247	7
248	7
249	7
250	7
251	7
252	7
253	7
254	7
255	7
256	7
257	7
258	7
259	7
260	7
261	7
262	7
263	7
264	7
265	7
266	7
267	7
268	7
269	7
270	7
271	7
272	7
273	7
274	7
275	7
276	7
277	7
278	7
279	7
280	7
281	7
282	7
283	7
284	7
285	7
286	7
287	7
288	7
289	7
290	7
291	7
292	7
293	7
294	7
295	7
296	7
297	7
298	7
299	7
300	7
301	7
302	7
303	7
304	7
305	7
306	7
307	7
308	7
309	7
310	7
311	7
312	8
313	8
314	8
315	8
316	8
317	8
318	8
319	8
320	8
321	8
322	8
323	8
324	8
325	8
326	8
327	8
328	8
329	8
330	8
331	8
332	8
333	8
334	8
335	8
336	8
337	8
338	8
339	9
340	9
341	9
342	9
343	9
344	9
345	9
346	9
347	9
348	9
349	9
350	9
351	9
352	9
353	9
354	9
355	9
356	9
357	9
358	9
359	9
360	9
361	9
362	9
363	9
364	9
365	9
366	9
367	9
368	9
369	9
370	9
371	9
372	9
373	9
374	9
375	9
376	9
377	9
378	9
379	9
380	9
381	9
382	9
383	9
384	9
385	9
386	9
387	9
388	9
389	9
390	9
391	9
392	9
393	9
394	9
395	9
396	9
397	9
398	9
399	9
400	9
401	9
402	9
403	9
404	9
405	9
406	10
407	10
408	10
409	10
410	10
411	10
412	10
413	10
414	10
415	10
416	10
417	10
418	10
419	10
420	10
421	10
422	10
423	10
424	10
425	10
426	10
427	11
428	11
429	11
430	11
431	11
432	11
433	11
434	11
435	11
436	11
437	11
438	11
439	11
440	11
441	11
442	11
443	11
444	11
445	11
446	11
447	11
448	11
449	11
450	11
451	11
452	11
453	11
454	11
455	11
456	11
457	11
458	11
459	11
460	11
461	11
462	11
463	11
464	11
465	11
466	11
467	11
468	11
469	11
470	11
471	11
472	11
473	11
474	11
475	11
476	11
477	11
478	11
479	11
480	11
481	11
482	11
483	11
484	11
485	11
486	11
487	11
488	11
489	11
490	11
491	11
492	11
493	11
494	11
495	11
496	11
497	11
498	11
499	11
500	11
501	11
502	11
503	11
504	11
505	11
506	11
507	11
508	11
509	11
510	11
511	11
512	11
513	11
514	11
515	11
516	11
517	11
518	11
519	11
520	11
521	11
522	11
523	11
524	11
525	11
526	11
527	11
528	11
529	11
530	11
531	11
532	11
533	11
534	11
535	11
536	11
537	11
538	11
539	11
540	11
541	11
542	11
543	11
544	11
545	11
546	11
547	11
548	11
549	11
550	11
551	11
552	11
553	11
554	11
555	11
556	11
557	11
558	11
559	11
560	11
561	11
562	11
563	11
564	11
565	11
566	11
567	11
568	11
569	11
570	11
571	11
572	11
573	11
574	11
575	11
576	11
577	11
578	11
579	11
580	12
581	12
582	12
583	12
584	12
585	12
586	12
587	12
588	12
589	12
590	12
591	12
592	12
593	12
594	12
595	12
596	12
597	12
598	12
599	12
600	12
601	12
602	12
603	12
604	12
605	12
606	12
607	12
608	12
609	12
610	12
611	12
612	12
613	12
614	12
615	12
616	12
617	12
618	12
619	12
620	12
621	12
622	12
623	12
624	12
625	12
626	12
627	12
628	12
629	12