1	1
2	1
3	1
4	1
5	2
6	1
7	1
8	1
9	1
10	2
11	1
12	1
13	1
14	1
15	2
16	1
17	1
18	1
19	1
20	2
21	1
22	1
23	1
24	1
25	2
26	1
27	1
28	1
29	1
30	2
31	1
32	1
33	1
34	1
35	2
36	1
37	1
38	1
39	1
40	2
41	1
42	1
43	1
44	1
45	2
46	1
47	1
48	1
49	1
50	2
51	1
52	1
53	1
54	1
55	2
56	1
57	1
58	1
59	1
60	2
61	1
62	1
63	1
64	1
65	2
66	1
67	1
68	1
69	1
70	2
71	1
72	1
73	1
74	1
75	2
76	1
77	1
78	1
79	1
80	2
81	1
82	1
83	1
84	1
85	2
86	1
87	1
88	1
89	1
90	2
91	1
92	1
93	1
94	1
95	2
96	1
97	1
98	1
99	1
100	2
101	1
102	1
103	1
104	1
105	2
106	1
107	1
108	1
109	1
110	2
111	1
112	1
113	1
114	1
115	2
116	1
117	1
118	1
119	1
120	2
121	1
122	1
123	1
124	1
125	2
126	1
127	1
128	1
129	1
130	2
131	1
132	1
133	1
134	1
135	2
136	1
137	1
138	1
139	1
140	2
141	1
142	1
143	1
144	1
145	2
146	1
147	1
148	1
149	1
150	2
151	1
152	1
153	1
154	1
155	2
156	1
157	1
158	1
159	1
160	2
161	1
162	1
163	1
164	1
165	2
166	1
167	1
168	1
169	1
170	2
171	1
172	1
173	1
174	1
175	2
176	1
177	1
178	1
179	1
180	2
181	1
182	1
183	1
184	1
185	2
186	1
187	1
188	1
189	1
190	2
191	1
192	1
193	1
194	1
195	2
196	1
197	1
198	1
199	1
200	2
201	1
202	1
203	1
204	1
205	2
206	1
207	1
208	1
209	1
210	2
211	1
212	1
213	1
214	1
215	2
216	1
217	1
218	1
219	1
220	2
221	1
222	1
223	1
224	1
225	2
226	1
227	1
228	1
229	1
230	2
231	1
232	1
233	1
234	1
235	2
236	1
237	1
238	1
239	1
240	2
241	1
242	1
243	1
244	1
245	2
246	1
247	1
248	1
249	1
250	2
251	1
252	1
253	1
254	1
255	2
256	1
257	1
258	1
259	1
260	2
261	1
262	1
263	1
264	1
265	2
266	1
267	1
268	1
269	1
270	2
271	1
272	1
273	1
274	1
275	2
276	1
277	1
278	1
279	1
280	2
281	1
282	1
283	1
284	1
285	2
286	1
287	1
288	1
289	1
290	2
291	1
292	1
293	1
294	1
295	2
296	1
297	1
298	1
299	1
300	2
301	1
302	1
303	1
304	1
305	2
306	1
307	1
308	1
309	1
310	2
311	1
312	1
313	1
314	1
315	2
316	1
317	1
318	1
319	1
320	2
321	1
322	1
323	1
324	1
325	2
326	1
327	1
328	1
329	1
330	2
331	1
332	1
333	1
334	1
335	2
336	1
337	1
338	1
339	1
340	2
341	1
342	1
343	1
344	1
345	2
346	1
347	1
348	1
349	1
350	2
351	1
352	1
353	1
354	1
355	2
356	1
357	1
358	1
359	1
360	2
361	1
362	1
363	1
364	1
365	2
366	1
367	1
368	1
369	1
370	2
371	1
372	1
373	1
374	1
375	2
376	1
377	1
378	1
379	1
380	2
381	1
382	1
383	1
384	1
385	2
386	1
387	1
388	1
389	1
390	2
391	1
392	1
393	1
394	1
395	2
396	1
397	1
398	1
399	1
400	2
401	1
402	1
403	1
404	1
405	2
406	1
407	1
408	1
409	1
410	2
411	1
412	1
413	1
414	1
415	2
416	1
417	1
418	1
419	1
420	2
421	1
422	1
423	1
424	1
425	2
426	1
427	1
428	1
429	1
430	2
431	1
432	1
433	1
434	1
435	2
436	1
437	1
438	1
439	1
440	2
441	1
442	1
443	1
444	1
445	2
446	1
447	1
448	1
449	1
450	2
451	1
452	1
453	1
454	1
455	2
456	1
457	1
458	1
459	1
460	2
461	1
462	1
463	1
464	1
465	2
466	1
467	1
468	1
469	1
470	2
471	1
472	1
473	1
474	1
475	2
476	1
477	1
478	1
479	1
480	2
481	1
482	1
483	1
484	1
485	2
486	1
487	1
488	1
489	1
490	2
491	1
492	1
493	1
494	1
495	2
496	1
497	1
498	1
499	1
500	2
501	1
502	1
503	1
504	1
505	2
506	1
507	1
508	1
509	1
510	2
511	1
512	1
513	1
514	1
515	2
516	1
517	1
518	1
519	1
520	2
521	1
522	1
523	1
524	1
525	2
526	1
527	1
528	1
529	1
530	2
531	1
532	1
533	1
534	1
535	2
536	1
537	1
538	1
539	1
540	2
541	1
542	1
543	1
544	1
545	2
546	1
547	1
548	1
549	1
550	2
551	1
552	1
553	1
554	1
555	2
556	1
557	1
558	1
559	1
560	2
561	1
562	1
563	1
564	1
565	2
566	1
567	1
568	1
569	1
570	2
571	1
572	1
573	1
574	1
575	2
576	1
577	1
578	1
579	1
580	2
581	1
582	1
583	1
584	1
585	2
586	1
587	1
588	1
589	1
590	2
591	1
592	1
593	1
594	1
595	2
596	1
597	1
598	1
599	1
600	2
601	1
602	1
603	1
604	1
605	2
606	1
607	1
608	1
609	1
610	2
611	1
612	1
613	1
614	1
615	2
616	1
617	1
618	1
619	1
620	2
621	1
622	1
623	1
624	1
625	2
626	1
627	1
628	1
629	1